0 892 37
0 34 17
0 683 24
0 372 2
0 126 56
0 136 99
0 940 45
0 447 33
0 263 37
0 185 57
0 38 32
0 804 85
1 905 6
1 931 79
1 869 55
1 898 3
1 603 19
1 421 39
1 548 35
1 386 1
1 888 64
1 182 58
1 968 40
1 117 30
1 832 78
1 901 10
1 804 80
1 594 10
1 269 87
1 642 45
1 87 31
1 189 99
1 617 42
1 229 88
1 658 47
1 597 81
1 602 14
1 944 76
1 437 14
1 104 39
1 29 73
1 950 2
1 300 86
2 259 87
2 906 17
2 506 24
2 870 25
2 626 99
2 902 83
2 743 37
2 560 59
2 748 53
2 259 69
8 260 52
8 93 96
8 775 71
8 221 25
8 354 70
8 713 5
8 504 91
8 408 51
8 919 75
8 226 76
8 201 28
8 659 44
8 75 55
8 78 35
8 291 38
8 190 91
8 963 85
9 813 24
9 217 96
9 408 66
9 943 56
9 432 54
9 528 41
9 741 33
9 661 81
9 826 6
9 426 99
9 971 7
9 628 15
9 601 89
9 965 41
9 513 32
9 718 83
9 20 90
9 522 49
9 948 60
15 623 63
15 540 4
15 230 49
15 6 82
15 655 67
15 503 13
15 143 58
15 175 87
15 360 20
15 510 68
15 310 19
15 621 72
15 639 55
15 196 21
17 173 78
17 987 81
17 854 44
17 544 45
17 869 72
17 705 63
17 321 39
17 366 2
17 429 37
17 4 76
21 59 54
21 150 25
21 985 3
21 125 15
21 273 12
21 531 97
21 29 14
21 15 73
21 867 85
21 508 86
21 534 35
22 948 42
22 615 29
22 503 91
22 260 18
22 257 58
22 741 45
25 307 2
25 711 50
25 140 20
25 412 37
25 389 16
25 710 11
25 195 27
26 52 25
26 145 44
26 87 18
26 620 89
26 995 82
26 769 47
26 934 53
26 164 68
26 577 43
26 51 86
26 827 16
26 100 69
26 998 10
26 829 21
26 554 47
26 678 90
26 333 69
26 661 87
26 187 16
26 233 17
26 556 25
26 527 1
26 666 68
28 595 93
28 646 55
28 749 93
28 481 35
28 815 6
28 522 15
28 174 26
28 367 27
28 622 60
28 364 69
28 344 48
28 413 96
28 834 64
28 453 94
28 630 21
28 260 64
28 885 94
28 365 0
28 723 3
28 196 42
28 840 66
28 781 6
28 148 72
28 336 15
28 68 95
28 856 94
28 185 74
28 13 28
31 57 68
31 76 69
31 253 14
31 258 63
31 16 59
31 625 55
31 889 5
31 421 25
31 123 3
31 971 42
31 832 45
31 867 69
31 433 57
31 781 59
31 789 67
31 452 28
31 318 84
31 211 28
31 659 58
31 779 63
31 742 38
31 407 68
31 126 86
31 251 15
31 542 89
31 231 36
31 231 85
31 270 10
31 576 40
31 388 22
31 217 64
31 431 85
31 457 74
31 375 84
31 595 39
31 375 21
31 219 32
31 875 23
31 86 82
31 662 33
31 269 38
31 917 92
31 719 60
31 236 76
32 316 12
32 869 34
32 624 92
32 852 85
32 486 65
32 903 83
32 160 29
32 235 35
32 384 86
32 757 22
32 739 26
32 203 16
32 110 39
32 32 31
32 504 58
32 158 35
32 24 83
32 468 44
32 482 67
32 407 8
32 822 99
32 233 66
34 60 13
34 706 50
34 144 38
34 99 36
34 339 3
34 197 45
34 183 51
34 178 92
34 886 12
34 242 70
34 685 72
36 423 59
36 82 38
36 932 91
36 95 79
36 223 16
36 85 6
36 755 15
36 664 56
36 367 15
36 500 61
36 677 26
36 996 25
36 338 20
36 940 79
36 108 25
36 960 88
36 351 31
36 844 52
36 773 35
36 734 99
36 906 81
36 970 34
36 646 37
37 979 58
37 768 14
37 881 13
37 822 29
37 536 61
37 732 56
37 670 44
37 347 73
37 740 20
37 285 26
37 97 21
37 941 42
37 185 35
37 799 31
37 428 56
37 439 22
37 859 53
37 341 55
37 368 36
37 450 71
37 731 84
37 169 68
37 626 19
37 400 95
37 691 47
37 154 64
37 513 26
37 404 45
37 661 56
37 729 78
37 119 27
37 933 98
37 448 97
37 988 2
37 312 80
37 500 56
37 703 29
37 781 68
37 593 24
37 970 5
37 797 83
37 264 40
37 469 47
37 0 89
37 613 10
37 803 70
38 266 80
38 245 65
38 754 26
38 694 81
38 213 32
38 421 86
38 382 27
38 22 2
38 119 53
38 416 62
38 750 55
38 927 92
38 430 78
38 600 85
38 244 80
38 13 88
38 126 26
38 653 95
38 12 32
38 364 15
38 507 95
38 384 76
38 901 31
38 546 29
41 13 88
41 146 79
41 50 30
41 115 7
41 990 57
41 18 90
41 295 20
41 688 25
41 243 17
41 389 47
41 713 8
41 814 47
41 313 3
41 405 34
41 489 37
41 674 20
41 716 95
41 90 83
41 309 93
41 16 31
41 285 14
41 263 62
41 726 30
41 859 8
41 368 40
41 620 36
41 150 36
41 135 34
41 747 98
41 336 93
41 780 67
43 710 60
43 801 44
43 202 70
43 305 43
43 538 87
43 872 94
43 138 60
43 493 91
43 677 81
43 957 18
43 685 63
43 458 52
43 574 36
43 808 82
43 793 25
43 926 41
43 294 35
43 359 55
43 606 70
43 243 46
43 406 72
43 3 66
43 627 73
43 722 93
43 868 17
43 420 57
43 552 47
46 845 29
46 106 38
46 646 8
46 861 67
46 523 86
46 307 55
46 288 16
46 870 93
46 788 92
46 407 83
46 965 63
46 777 41
46 981 88
46 947 85
46 128 43
46 864 75
46 432 71
46 65 8
46 796 97
46 439 57
46 9 84
46 760 3
46 83 55
46 743 67
46 533 6
46 5 19
47 291 37
47 674 24
47 356 32
47 38 21
47 205 33
47 768 36
47 643 52
47 505 51
47 40 33
47 860 23
47 106 83
47 772 97
47 703 48
47 76 2
47 91 91
47 812 50
48 807 23
48 63 43
48 200 88
48 510 28
48 325 11
48 494 86
48 731 17
48 507 81
48 547 29
48 183 56
48 480 95
48 814 24
48 791 67
51 936 32
51 749 89
51 949 78
51 126 6
51 296 76
51 952 39
51 507 51
51 917 86
51 286 97
51 622 64
51 549 92
51 516 1
51 891 42
51 993 86
51 793 72
51 514 41
51 839 20
51 898 50
51 254 63
51 461 24
51 19 91
51 346 53
51 587 1
51 13 29
51 233 89
51 514 0
51 496 37
51 845 74
51 233 56
51 90 70
51 458 76
53 580 46
53 890 56
53 402 42
53 637 53
53 758 34
53 565 16
53 187 53
53 19 91
53 307 44
53 895 87
53 385 14
53 147 60
53 473 84
53 413 44
53 563 53
53 801 86
53 432 5
53 327 58
53 469 12
53 340 56
53 899 93
53 620 32
53 146 46
53 713 86
54 745 69
54 42 38
54 751 35
54 407 30
54 299 69
54 539 25
54 145 44
54 87 25
54 560 3
54 277 7
54 113 78
54 676 0
54 156 25
54 823 41
54 559 97
54 800 25
54 576 17
54 104 87
54 735 66
54 5 33
54 773 71
54 567 16
54 112 91
54 601 47
57 451 28
57 415 23
57 379 92
57 342 10
57 159 2
57 131 62
57 630 5
57 988 14
57 307 42
57 309 90
57 664 1
57 876 12
57 409 4
57 458 93
57 711 14
57 488 65
58 666 39
58 0 31
58 578 78
58 960 85
58 894 84
58 305 40
58 756 7
58 857 59
58 496 86
58 291 99
58 702 74
58 938 32
58 175 53
58 622 24
58 471 30
58 401 18
58 305 31
58 792 83
58 167 11
58 115 60
58 714 38
58 964 14
60 439 43
60 341 27
60 917 23
60 354 28
60 36 45
60 258 37
60 370 92
60 892 7
62 469 77
62 706 91
62 622 17
62 837 12
62 799 14
65 943 97
65 8 88
65 677 10
65 798 88
65 945 48
65 290 41
65 984 62
65 164 99
65 252 89
65 390 43
65 663 92
65 754 57
65 656 95
65 222 17
66 596 46
66 226 49
66 149 92
66 133 75
66 632 4
66 0 85
66 851 63
66 150 52
66 642 21
66 616 17
66 836 81
66 427 44
66 282 31
66 816 32
66 265 58
66 617 41
66 165 6
66 368 74
66 763 38
66 837 23
66 844 56
66 514 66
66 486 71
71 941 23
71 25 31
71 129 67
71 46 29
72 622 57
72 192 77
72 723 10
72 237 50
72 409 92
72 638 26
72 966 38
72 506 54
72 196 93
72 271 28
72 755 30
72 906 85
72 162 3
72 999 61
72 678 24
72 584 7
72 879 56
72 291 29
72 995 97
72 461 91
72 506 62
72 357 27
72 606 49
72 629 1
72 592 20
72 558 93
72 457 88
72 532 85
72 375 71
72 37 75
72 409 13
72 210 23
72 96 49
72 89 29
72 854 18
72 119 11
73 866 0
73 642 46
73 797 26
73 276 39
73 696 30
73 950 17
73 368 72
73 644 54
73 487 98
73 169 50
73 533 44
73 921 54
73 898 89
73 69 30
73 215 11
73 359 89
73 870 2
73 572 67
73 335 68
73 606 81
75 561 46
75 459 1
75 721 18
75 603 90
75 394 32
75 617 95
75 434 40
75 753 56
75 583 73
75 385 32
75 171 90
75 630 66
75 37 26
75 662 59
75 227 1
75 569 73
75 372 92
75 695 8
75 972 78
75 16 28
75 812 71
75 585 48
75 478 91
75 402 87
76 781 19
76 738 5
76 914 49
76 946 34
76 99 75
76 980 15
76 610 26
76 224 20
76 232 73
77 812 49
77 939 86
77 903 82
77 518 48
77 478 48
77 19 81
77 890 99
77 454 98
77 136 48
77 181 59
77 742 66
77 247 65
77 335 97
77 791 6
77 16 66
77 925 84
77 728 29
77 799 91
77 610 52
77 940 69
77 564 31
79 832 20
79 77 42
79 682 9
79 444 17
79 237 47
80 572 31
80 86 36
87 100 53
87 963 32
87 442 20
87 881 71
87 160 26
87 40 90
87 783 21
87 475 92
87 754 65
87 170 44
87 890 94
87 244 67
87 144 0
87 409 56
87 78 14
87 896 51
87 562 85
87 618 30
87 610 51
87 837 22
87 295 32
87 351 20
87 918 84
87 806 83
87 729 44
87 884 40
87 30 87
87 656 94
87 709 23
90 195 62
90 861 75
90 558 46
90 558 15
90 160 4
90 488 38
90 581 81
90 161 54
90 173 0
90 821 34
90 313 11
92 328 75
92 252 19
92 250 83
92 253 86
92 419 55
92 355 32
92 72 54
92 538 57
92 66 26
92 928 53
92 393 70
92 477 63
92 540 49
92 969 67
92 395 37
92 749 5
92 743 8
96 124 17
96 796 83
96 63 92
96 986 54
96 86 66
96 944 25
96 862 27
96 823 25
96 33 25
96 916 11
96 20 71
96 762 57
96 420 10
96 942 3
96 692 46
96 861 60
96 560 42
96 283 30
96 360 83
96 886 24
96 185 32
96 220 21
96 397 16
96 17 30
96 92 19
96 704 21
96 819 18
96 346 72
96 424 72
96 305 6
96 309 51
96 759 78
96 918 14
96 821 67
96 131 37
96 15 11
96 240 4
97 65 88
97 191 10
97 136 61
97 126 36
97 761 98
97 714 10
97 570 14
97 107 85
97 978 81
97 845 19
97 178 99
97 584 49
97 357 47
97 44 50
97 84 84
97 835 27
97 742 32
97 317 94
97 688 33
97 609 50
97 842 27
99 300 76
99 214 41
99 5 50
99 784 63
99 166 80
99 739 30
99 371 88
99 365 80
99 318 99
99 282 50
99 212 95
99 41 86
99 365 54
99 613 11
99 265 16
99 302 70
99 572 34
100 84 69
100 20 47
100 982 90
100 617 33
100 210 3
100 139 16
100 936 69
100 854 26
100 233 63
100 356 99
100 827 30
100 755 40
100 938 50
100 318 59
100 459 35
100 223 50
100 716 87
100 604 99
100 393 79
100 28 92
100 778 51
102 589 65
102 343 40
102 566 61
102 233 28
102 274 88
102 73 86
102 585 56
102 387 14
103 512 29
103 75 90
103 919 74
103 933 16
103 555 71
103 972 3
103 577 41
103 366 87
103 859 9
103 864 65
103 173 2
104 39 14
104 508 32
104 113 76
104 646 72
104 797 72
104 116 99
104 10 7
104 221 72
104 146 10
104 199 0
104 712 85
104 724 75
104 686 97
104 361 27
104 953 38
104 101 84
104 683 11
104 299 30
104 840 26
106 740 29
106 761 42
106 343 34
106 636 34
106 591 43
106 32 90
106 618 19
106 710 87
106 947 16
106 408 14
106 821 98
106 992 19
106 688 96
106 256 0
106 325 25
106 211 8
106 180 7
106 320 78
106 572 35
106 846 25
106 454 36
106 815 49
106 670 97
106 587 96
106 608 1
106 230 80
107 80 33
107 908 95
107 895 38
107 46 15
108 887 50
108 425 39
108 691 87
108 270 0
108 611 20
108 327 61
108 2 72
110 35 50
110 143 32
110 803 9
110 20 64
110 279 80
110 709 29
110 749 40
110 607 66
110 16 82
110 560 63
110 487 3
110 4 50
110 639 26
110 94 91
110 577 31
112 570 42
112 192 7
112 11 77
112 132 44
112 604 94
112 699 19
112 501 68
112 488 35
113 675 43
113 638 15
113 68 72
113 801 70
113 388 70
113 512 24
113 90 65
113 545 67
113 337 78
113 969 6
113 557 23
113 445 24
113 825 5
113 361 44
113 641 31
113 571 34
113 838 6
114 273 36
114 408 35
114 703 45
114 734 41
114 145 60
114 251 61
114 383 77
114 451 95
114 633 63
114 819 69
114 39 15
114 893 47
114 477 44
114 422 48
114 560 95
114 421 24
114 713 28
114 611 38
114 541 75
114 263 80
114 66 22
114 532 49
114 170 71
114 169 26
114 743 7
115 285 10
115 950 66
115 754 63
115 518 83
115 487 78
115 594 90
115 962 37
115 485 95
115 476 23
115 280 1
119 693 4
119 478 18
119 721 67
119 103 43
119 65 90
119 244 95
119 673 0
119 75 0
119 612 8
119 143 48
119 307 0
119 485 4
119 335 63
119 620 27
119 644 50
119 534 16
119 91 72
119 164 21
119 430 79
119 242 84
119 788 91
119 661 83
119 90 13
119 434 81
119 821 37
119 805 82
119 131 49
119 583 74
120 694 11
120 72 65
120 579 4
120 543 10
120 747 16
124 275 93
124 389 3
124 563 35
124 405 31
124 938 45
124 394 19
124 988 56
124 928 68
124 965 15
124 442 81
124 989 99
124 335 78
124 947 15
124 566 24
128 798 38
128 463 91
128 177 14
128 301 50
128 811 0
128 811 13
128 623 64
128 625 52
128 819 35
128 311 70
128 200 38
128 38 37
128 18 66
129 45 69
129 836 49
129 68 26
129 680 80
129 297 76
129 350 8
129 385 91
129 389 99
129 808 97
129 89 52
129 689 78
129 472 90
129 876 9
129 140 12
129 212 8
130 428 59
130 792 84
130 650 92
130 406 63
130 650 8
130 686 89
130 983 79
130 379 63
130 982 95
130 176 39
130 273 20
130 301 20
130 867 40
130 209 65
130 987 28
130 571 60
130 440 99
130 353 1
132 285 22
132 458 15
132 685 95
132 597 87
132 144 67
132 134 83
132 82 43
132 729 77
132 825 88
132 501 4
132 303 92
132 1 84
132 624 5
132 851 33
132 846 75
132 641 79
132 120 7
132 109 46
132 142 36
132 260 62
132 980 74
132 747 11
132 747 13
132 539 32
136 199 29
136 72 55
136 384 86
136 362 98
136 860 30
136 600 18
136 508 0
136 905 77
136 173 79
136 599 54
136 480 24
136 316 75
136 250 42
136 349 2
136 603 61
137 597 11
137 391 89
137 101 97
137 83 29
137 440 75
137 580 79
137 336 24
139 257 26
139 300 11
139 985 93
139 746 82
139 153 70
139 903 2
139 569 59
139 477 14
139 951 32
139 310 40
139 722 18
139 684 16
139 84 67
139 733 42
139 725 16
139 660 79
139 544 87
139 769 32
139 686 11
139 108 10
139 948 46
139 271 33
139 703 43
140 995 12
140 756 16
140 147 9
140 367 54
140 388 22
140 171 89
140 172 17
140 470 88
140 858 38
140 773 87
140 463 7
140 593 29
140 969 46
140 112 5
140 81 41
140 242 50
140 527 1
140 325 4
140 367 55
140 177 57
140 88 12
140 346 17
140 88 82
140 433 17
140 279 91
140 952 8
140 896 32
140 310 12
140 264 19
140 73 89
140 325 97
141 779 40
141 661 34
141 774 44
141 870 68
141 749 20
141 509 69
141 870 46
141 842 65
141 918 37
141 915 28
141 929 63
141 582 9
141 126 36
141 898 11
141 433 56
141 747 12
141 856 58
141 866 57
141 46 72
141 530 50
141 29 54
141 245 73
141 64 37
141 582 60
141 618 52
141 18 4
141 183 77
142 740 52
142 142 31
142 442 82
142 324 34
142 945 24
142 555 89
142 259 25
142 66 21
142 664 50
142 923 82
142 510 87
142 682 89
142 832 42
142 778 43
142 998 49
142 258 59
142 720 24
142 797 50
142 278 95
142 513 83
142 632 96
142 255 84
142 925 19
142 267 46
142 640 56
142 794 36
142 411 13
143 567 50
143 291 92
143 195 87
143 332 33
143 409 70
143 299 34
143 444 81
143 835 36
143 174 89
143 971 3
143 475 58
143 484 74
143 268 2
143 680 70
143 370 4
145 739 66
145 17 50
145 858 38
145 698 5
145 636 21
145 201 2
145 16 89
145 816 21
145 795 98
145 412 68
145 209 74
145 430 28
145 564 21
145 236 2
145 198 3
145 831 8
145 719 45
146 451 65
146 834 69
146 251 19
146 494 10
146 791 88
146 121 39
146 550 19
146 454 63
146 650 61
146 44 81
146 135 50
146 776 85
146 442 91
146 451 60
146 928 80
146 879 53
146 855 77
148 173 58
148 835 37
148 892 89
148 184 14
148 200 5
148 174 86
148 584 7
148 92 99
148 446 59
148 766 23
148 588 17
148 163 98
148 802 77
148 524 34
148 931 26
148 551 27
148 228 1
149 124 30
149 993 25
149 0 89
149 637 4
149 15 19
149 386 31
149 246 98
149 353 9
149 374 22
149 7 56
149 564 8
150 297 42
150 60 46
150 666 75
150 760 99
150 930 92
150 85 76
150 391 83
150 225 74
150 738 82
150 976 16
150 353 73
150 844 62
150 189 46
150 933 78
150 224 68
151 487 1
151 742 95
151 845 34
151 913 63
151 298 18
151 858 49
151 619 7
151 363 23
151 764 95
151 447 38
151 703 86
151 599 79
151 326 60
151 701 30
151 302 92
151 748 53
151 928 16
151 384 38
151 119 21
151 312 83
151 581 35
151 110 79
151 993 3
151 357 0
152 429 68
152 402 3
152 675 58
152 914 7
152 608 79
152 911 48
152 653 25
152 429 54
152 216 6
152 737 73
152 597 26
152 380 19
152 435 40
152 178 4
152 646 72
152 326 14
152 179 44
152 899 51
153 923 90
153 104 54
153 438 9
153 93 4
153 590 67
153 176 23
153 15 26
153 686 54
155 247 69
155 601 86
155 910 85
155 673 26
155 491 28
155 144 47
155 348 38
155 335 24
155 829 28
155 890 68
155 137 85
155 117 38
155 213 7
155 32 46
155 350 82
155 151 84
157 556 30
157 46 94
157 239 87
157 755 60
157 110 12
157 655 82
157 361 3
157 841 90
157 733 27
157 450 95
157 544 3
157 738 9
157 762 62
157 545 10
157 919 10
157 474 57
157 614 85
157 865 24
157 29 45
157 495 58
157 631 79
157 641 69
157 280 30
157 172 88
157 598 88
157 403 64
158 813 64
158 431 32
158 945 88
158 102 94
158 239 86
158 996 25
158 756 49
161 740 21
161 833 18
161 500 78
161 394 51
161 121 66
161 445 82
161 412 42
161 369 65
161 170 59
161 711 99
161 421 87
161 807 41
161 532 2
161 205 62
161 0 91
161 46 38
161 269 68
161 260 6
161 707 49
161 81 66
161 588 26
161 331 93
161 589 61
161 267 71
161 917 33
161 359 27
161 202 50
161 368 14
161 54 39
161 402 83
161 707 96
161 584 15
162 554 43
162 77 14
162 917 68
162 574 0
162 311 1
162 610 23
162 895 93
162 400 96
162 874 24
162 852 83
162 199 98
162 168 59
162 860 64
162 90 93
162 417 70
162 658 85
164 140 4
164 549 68
164 959 84
164 499 4
164 464 44
164 873 50
164 696 49
164 31 59
164 68 96
164 466 58
164 615 46
164 985 60
164 97 84
164 666 97
164 66 51
164 871 19
164 625 35
166 620 94
166 422 20
166 91 26
166 147 57
166 540 34
166 471 82
166 774 6
166 35 57
166 368 79
166 502 23
166 545 62
168 491 99
168 147 75
168 48 57
168 586 95
168 513 1
168 634 45
168 959 26
168 832 86
168 264 38
168 206 14
168 951 3
168 282 46
168 658 38
168 576 85
168 257 38
168 831 74
168 660 73
168 229 67
168 179 14
168 560 29
168 773 24
168 598 78
168 500 34
168 356 51
168 571 58
168 55 10
168 415 56
170 468 16
170 820 41
170 513 26
170 309 30
170 513 17
170 169 18
170 320 90
170 879 89
170 227 67
170 191 58
170 456 20
170 101 11
170 411 20
170 24 1
170 274 2
171 669 12
171 1 64
171 526 69
171 393 72
171 439 38
171 327 38
175 666 72
175 875 75
175 392 97
175 875 50
175 611 39
175 569 18
176 135 58
176 808 34
176 189 87
176 366 32
176 456 68
176 783 48
176 86 83
176 966 81
176 712 60
176 405 67
176 16 15
176 673 24
176 540 1
176 538 95
176 388 17
176 519 97
176 500 73
176 760 75
176 707 17
176 502 41
176 888 73
176 120 25
176 590 34
176 158 15
176 243 76
176 945 89
176 27 9
176 38 91
176 123 11
176 404 83
176 632 20
176 82 78
177 394 24
177 230 18
177 195 91
177 77 45
177 376 81
177 426 9
177 840 66
177 75 4
179 467 89
179 942 52
179 230 11
179 431 21
179 516 10
179 637 79
179 91 39
179 495 43
179 474 80
179 372 78
179 11 62
179 848 39
179 629 73
179 87 35
179 604 5
179 564 90
179 901 56
179 587 23
179 403 43
179 167 84
179 503 66
184 695 20
184 131 78
184 93 52
184 973 46
184 28 14
184 99 18
184 309 51
184 755 18
184 123 29
184 582 19
184 294 78
184 281 40
184 579 93
186 504 24
186 247 52
186 333 81
186 351 81
186 934 17
186 410 65
186 108 52
186 682 93
186 478 72
186 186 78
186 843 71
186 777 85
186 280 57
186 377 26
186 723 30
186 40 64
186 450 33
186 751 29
186 412 1
186 258 13
186 148 83
186 738 68
186 845 5
187 645 57
187 454 9
187 762 90
187 991 17
187 805 24
187 433 11
187 421 62
187 289 53
187 973 81
187 706 61
187 628 37
187 872 96
187 614 76
187 829 83
187 723 3
187 704 67
187 478 4
187 890 80
191 823 81
191 638 12
191 234 67
191 806 66
191 336 87
191 859 3
191 237 37
191 825 79
191 295 0
191 108 86
191 566 50
191 176 95
191 254 81
191 518 88
191 894 8
191 414 63
191 28 93
191 95 77
191 852 66
191 174 50
191 98 65
191 248 62
191 485 0
191 306 73
191 201 80
191 252 76
191 698 83
191 952 98
196 396 47
196 46 68
196 769 51
196 301 29
196 665 11
196 145 93
196 558 46
196 648 90
196 539 6
196 294 95
196 662 84
196 523 22
196 930 15
196 835 44
196 466 12
196 746 39
196 408 96
196 612 1
196 553 76
196 877 30
196 289 98
200 71 62
200 661 99
200 424 53
200 662 83
200 112 16
200 979 84
200 126 95
200 997 72
200 105 52
200 487 25
200 203 67
200 658 42
200 160 13
201 581 7
201 590 97
201 420 94
201 164 41
201 319 77
201 355 33
201 220 45
201 815 85
201 429 22
201 372 95
201 68 7
201 156 50
201 878 1
201 210 65
201 753 46
201 826 19
201 987 56
201 306 55
201 564 27
201 750 95
201 103 13
201 57 42
203 693 97
203 608 4
203 420 36
203 626 13
203 281 41
203 124 89
203 177 98
203 643 27
203 908 15
203 721 58
203 571 98
203 176 96
203 208 81
203 341 33
203 318 23
203 429 89
203 565 98
204 961 52
204 721 54
204 231 3
204 384 84
204 549 63
204 807 38
204 624 62
204 444 96
204 46 51
204 268 79
204 865 66
204 344 49
204 489 5
204 77 50
204 696 57
204 659 62
204 557 4
204 346 79
204 757 69
204 649 43
204 813 88
204 722 83
204 342 44
204 842 75
204 519 62
204 378 21
204 985 73
204 109 76
204 647 42
205 876 38
205 95 40
205 463 5
205 833 14
205 112 25
205 571 79
205 691 94
205 458 79
205 535 28
205 350 9
205 949 49
205 67 3
205 456 87
205 986 73
205 408 60
205 59 66
205 451 62
208 340 26
208 164 34
208 740 4
208 155 22
208 132 15
208 527 58
208 788 21
208 156 15
208 266 34
208 89 56
208 395 15
208 236 76
208 37 90
208 833 5
208 236 13
208 573 1
208 746 3
208 22 57
208 355 79
208 44 32
208 627 32
208 900 80
208 730 19
208 267 3
208 778 81
208 990 63
208 177 99
208 837 0
208 473 5
208 746 72
208 350 65
208 635 31
208 658 84
208 496 3
208 227 68
208 878 0
208 91 56
218 828 21
218 442 2
218 691 70
218 799 24
218 821 67
218 36 6
218 163 81
218 415 74
218 605 20
218 543 76
218 866 81
218 623 21
218 184 42
218 975 58
218 325 78
218 740 13
218 906 66
218 938 14
218 307 69
218 602 33
218 844 12
218 451 46
218 747 32
218 223 88
218 476 8
218 753 60
218 925 50
218 916 84
218 291 36
218 184 93
218 849 75
218 171 38
218 716 69
218 249 18
218 298 74
218 124 13
218 26 84
218 860 66
218 604 27
219 195 73
219 434 96
219 754 71
219 597 92
219 964 58
219 437 0
219 649 46
219 350 21
219 409 43
219 385 42
219 340 17
221 50 7
221 6 81
221 280 80
221 3 19
221 663 68
221 692 32
221 434 65
221 103 92
221 409 1
221 76 32
221 811 82
221 221 98
221 815 84
221 475 21
221 27 90
221 733 51
221 34 61
221 280 70
221 972 35
223 989 15
223 771 10
223 7 94
223 280 9
223 958 39
223 389 70
223 162 17
223 508 78
223 74 31
223 140 81
223 900 44
223 818 52
223 66 87
223 708 50
223 214 0
223 507 3
223 478 37
223 722 39
223 916 19
223 418 26
223 830 92
224 666 30
224 198 31
224 664 67
224 958 56
224 51 0
224 716 65
224 954 96
229 261 92
229 233 16
229 937 92
229 288 12
229 67 90
229 245 49
229 573 49
229 640 88
229 334 10
229 197 57
229 742 24
229 241 77
229 630 33
229 239 76
229 939 87
229 598 83
229 137 63
229 543 97
229 306 4
229 248 9
229 853 79
229 152 75
229 268 84
229 637 88
229 392 75
229 197 78
229 761 27
229 470 12
230 755 35
230 712 51
230 836 69
230 266 99
230 171 52
230 984 2
230 227 5
230 750 7
230 143 35
230 125 57
230 93 65
230 866 76
230 242 4
230 873 39
230 652 18
230 232 8
230 718 46
230 53 58
230 627 49
230 178 79
230 338 49
230 646 29
230 984 58
230 955 17
231 693 45
231 984 97
231 209 0
231 441 82
231 136 11
231 859 55
231 321 26
231 252 11
231 465 67
231 45 9
231 183 21
231 83 40
231 830 50
231 726 56
231 981 6
231 556 65
231 800 4
231 680 64
231 873 53
231 442 53
231 181 40
231 275 3
231 759 23
231 779 96
231 128 62
231 763 59
231 681 85
231 26 4
231 831 33
231 280 38
231 213 62
231 620 83
231 653 51
240 804 99
240 922 77
240 633 96
240 281 24
240 488 56
240 59 58
240 525 77
240 205 9
240 441 99
240 163 11
240 279 85
240 315 28
240 388 48
240 493 76
240 602 84
240 573 39
240 59 79
240 245 47
240 624 93
240 555 82
240 491 79
241 181 97
241 116 26
241 932 83
241 358 0
241 553 36
241 81 58
241 273 27
241 108 11
241 641 16
241 522 71
241 202 25
241 708 29
241 256 32
241 743 12
241 198 6
241 362 17
247 290 13
247 436 16
247 283 96
247 814 38
247 869 20
247 569 76
247 829 38
247 565 69
247 316 97
247 839 43
247 691 93
247 898 9
247 989 48
247 611 44
247 406 36
247 44 87
247 340 99
247 465 4
247 187 51
247 708 33
247 496 21
247 831 51
248 975 33
248 728 73
248 874 99
248 391 10
248 923 4
248 495 24
248 177 50
248 136 68
248 777 18
248 125 13
248 663 46
248 99 44
248 798 71
248 786 97
252 222 90
252 766 82
252 987 73
252 945 11
252 102 26
252 646 66
252 945 2
252 316 34
252 923 50
252 668 20
252 48 82
252 326 74
252 294 95
252 724 41
252 681 60
252 998 38
256 761 43
256 537 36
256 155 2
256 551 8
256 794 3
256 67 59
256 553 97
256 902 91
256 832 76
256 61 22
258 992 39
258 264 43
258 249 86
258 205 53
258 948 16
258 859 95
258 667 31
258 167 37
258 604 41
258 593 8
258 925 77
258 748 95
258 530 90
258 433 96
258 221 99
258 972 26
258 227 85
258 327 46
258 636 69
258 863 18
258 416 39
259 751 52
259 487 37
259 410 19
259 197 34
259 254 80
259 729 45
259 906 26
259 865 63
259 930 61
259 60 22
259 93 27
259 602 46
259 116 93
259 303 6
259 660 45
259 893 25
261 991 10
261 384 74
261 698 8
261 915 24
261 887 94
261 309 56
261 995 74
261 681 32
261 335 27
261 111 73
261 661 23
261 779 91
261 552 33
261 252 67
261 874 96
261 420 35
261 361 92
261 976 35
262 59 41
262 794 64
262 932 15
262 661 25
262 120 51
262 157 75
262 675 70
262 299 47
262 793 16
262 92 20
262 493 78
262 858 96
262 745 68
263 582 25
263 109 52
263 568 47
263 924 93
263 110 76
263 311 58
263 285 86
263 393 45
263 293 65
263 166 56
263 888 69
263 836 47
263 982 49
263 255 0
263 691 20
263 374 59
263 245 50
263 340 4
263 539 31
263 409 45
263 70 57
263 594 70
263 418 13
263 981 3
263 71 65
263 276 72
263 478 3
263 304 59
263 14 99
263 502 47
264 845 23
264 690 30
264 270 88
264 431 94
264 7 5
264 42 91
264 529 48
264 860 91
264 880 12
264 324 23
264 971 82
264 89 83
264 228 66
264 741 37
264 4 45
264 499 11
264 546 82
264 855 22
264 877 39
264 444 28
264 906 77
264 571 46
264 866 59
264 71 12
264 336 18
267 954 60
267 655 95
267 261 1
267 557 38
267 7 54
267 955 7
267 122 29
267 92 8
267 173 9
267 365 10
267 303 94
267 436 45
267 168 35
268 337 19
268 916 15
268 976 89
268 505 96
268 781 76
268 642 60
268 366 80
268 926 34
268 911 23
268 444 89
268 904 0
268 38 61
269 781 43
269 703 87
269 640 31
269 319 82
269 465 96
269 654 66
269 364 16
269 165 18
269 528 40
269 412 96
269 253 94
269 18 95
269 498 97
269 661 97
269 115 45
269 266 96
269 970 3
269 735 74
269 675 17
269 899 40
269 383 27
269 790 48
269 153 38
275 275 19
275 460 82
275 247 71
275 762 23
275 509 7
275 285 9
275 711 34
275 215 23
275 909 67
275 504 90
275 97 11
275 983 78
275 832 81
275 370 28
275 995 35
275 34 90
275 657 71
275 159 34
275 241 54
275 384 51
275 872 46
275 201 81
275 796 78
275 410 0
275 358 80
275 671 48
275 285 70
275 742 84
275 987 84
275 500 19
276 203 83
276 995 61
276 226 87
276 8 75
276 296 35
276 98 61
276 826 40
276 14 18
276 664 23
276 869 18
276 371 80
276 715 28
276 803 95
276 905 90
276 892 41
276 502 89
276 511 65
276 105 5
276 319 31
276 231 19
276 56 98
276 110 94
276 411 35
277 158 72
277 102 55
277 236 82
277 185 94
277 369 19
277 96 9
277 532 31
277 155 72
277 311 75
277 123 60
277 829 43
277 752 67
278 146 4
278 175 19
278 617 6
278 944 80
278 750 88
278 258 19
278 517 40
278 539 52
278 208 96
278 406 89
278 240 28
278 820 33
278 992 25
278 459 43
278 488 73
278 7 49
278 157 0
278 154 0
278 380 40
278 827 7
278 83 31
278 546 3
278 129 83
278 306 42
278 683 73
278 374 22
278 468 29
278 466 75
278 605 55
278 831 58
278 730 86
278 223 51
278 273 62
278 967 50
278 603 17
278 177 48
279 188 90
279 806 89
279 603 31
279 565 37
279 63 70
279 342 87
279 676 60
279 153 68
279 386 26
279 215 7
279 550 39
279 262 43
279 510 54
279 494 81
279 766 89
279 319 94
279 452 64
279 795 22
279 134 51
280 522 32
280 550 98
280 413 73
280 340 60
280 461 23
280 874 25
280 455 51
280 103 19
280 286 67
280 63 25
280 812 56
280 1 1
280 900 86
285 612 14
285 253 27
285 596 88
285 820 53
285 280 70
285 344 82
285 852 15
285 330 32
285 48 62
285 959 22
285 835 8
285 881 38
285 131 72
285 205 79
285 251 9
285 967 62
285 198 68
285 386 60
285 989 95
285 490 47
285 377 79
285 807 71
285 685 14
285 416 41
286 848 68
286 526 5
286 64 41
286 122 73
286 403 63
286 980 58
286 669 81
291 7 10
291 196 96
291 525 82
291 904 6
291 830 7
291 103 45
291 115 90
291 913 24
291 939 38
291 847 14
291 230 50
293 564 3
293 816 29
293 599 9
293 659 63
293 249 33
293 307 99
293 361 52
293 681 34
293 713 76
293 65 60
293 542 31
295 84 89
295 229 75
295 900 45
295 503 76
295 322 14
295 794 52
295 851 19
295 587 86
295 315 36
295 707 56
295 84 43
295 399 55
295 588 51
295 716 35
295 81 74
295 814 21
295 880 96
295 358 0
295 715 56
295 18 21
295 372 10
295 971 25
295 899 30
295 861 85
295 171 3
295 56 25
295 717 60
295 718 22
295 468 93
295 490 26
295 770 62
295 673 15
295 733 34
295 966 3
295 689 98
295 651 37
295 622 22
295 411 71
295 804 24
295 260 13
295 849 20
297 73 26
297 433 3
297 16 52
297 160 25
299 588 73
299 127 54
299 401 38
299 951 58
299 427 93
302 773 1
302 900 72
302 3 37
302 43 11
302 395 48
302 124 17
302 705 67
307 701 25
307 595 44
307 422 8
307 321 30
307 18 88
310 691 15
310 615 71
310 657 2
310 258 97
310 418 95
310 487 26
310 30 12
310 556 61
311 283 3
311 426 41
311 453 44
311 530 7
311 615 71
311 427 51
311 215 94
311 466 37
311 111 94
312 964 26
312 827 67
312 663 26
312 716 93
312 195 61
312 968 36
312 480 62
312 199 41
312 594 99
312 433 76
312 976 96
312 70 45
312 284 38
312 169 84
312 734 26
312 97 16
312 752 23
314 9 13
314 488 12
314 234 21
314 837 85
314 24 45
314 608 20
314 57 48
314 261 28
314 128 55
314 93 27
314 185 76
314 723 95
314 789 8
314 422 55
318 146 71
318 497 63
318 143 17
318 881 29
318 83 97
318 630 78
318 164 28
318 969 68
318 749 92
318 629 50
318 465 71
318 544 31
318 427 54
318 287 55
318 723 86
318 200 63
318 314 77
320 931 28
320 274 74
320 643 84
320 394 56
320 204 63
320 280 82
320 273 83
320 277 40
320 264 70
320 896 61
320 336 90
320 942 31
320 383 24
320 497 79
320 168 87
320 265 18
320 998 89
320 976 69
320 970 0
320 369 18
320 711 28
320 909 62
320 648 24
320 230 67
320 87 78
320 313 16
320 368 96
320 273 16
320 541 18
320 702 68
320 597 83
320 999 68
320 716 48
321 169 16
321 818 16
321 227 62
321 341 54
321 245 95
321 577 16
321 644 45
321 551 12
321 575 2
321 735 76
321 402 22
321 442 15
321 705 44
321 970 36
321 838 53
321 756 95
321 304 3
321 331 58
321 770 81
321 664 26
321 446 2
321 320 85
321 288 77
321 582 6
321 181 32
321 349 32
321 733 73
321 225 42
321 365 37
323 261 9
323 717 56
323 781 89
323 67 74
323 310 15
323 66 99
323 152 31
323 241 99
324 932 91
324 979 67
324 226 83
324 212 13
324 471 12
324 445 65
324 245 19
324 692 34
324 618 59
324 266 96
324 498 50
324 600 65
324 83 30
326 622 66
326 104 19
326 595 16
326 674 58
326 771 96
326 51 7
326 671 4
326 861 99
326 482 77
326 380 80
326 179 72
326 476 90
326 105 11
326 336 14
326 42 51
326 455 98
326 838 84
326 653 55
326 933 56
326 513 57
326 262 54
327 306 35
327 933 97
327 802 98
327 599 40
327 59 33
327 910 67
327 787 35
327 855 54
327 111 69
327 912 2
328 376 94
328 806 72
328 834 9
328 562 13
328 4 85
328 940 75
330 106 73
330 970 42
330 567 90
330 572 88
330 408 83
330 630 27
330 658 66
330 312 26
330 359 80
330 375 9
330 304 35
330 166 35
330 349 42
330 867 89
330 825 55
330 928 4
330 408 92
330 580 98
330 887 50
330 386 5
330 181 86
330 997 20
330 93 51
333 325 18
333 779 30
333 687 74
333 849 90
333 955 3
333 335 65
333 884 67
333 620 0
334 760 10
334 324 54
334 938 83
334 813 37
334 754 4
334 257 14
334 375 12
334 88 60
334 618 41
334 278 24
334 950 24
334 763 3
334 695 79
334 844 50
334 55 5
334 555 16
334 828 65
334 863 34
334 944 9
334 463 50
334 384 61
334 220 5
334 437 45
334 456 28
334 530 40
334 133 57
336 333 82
336 635 84
336 479 2
336 941 47
336 480 19
336 804 94
336 500 26
336 986 82
336 656 77
336 707 36
336 689 56
336 867 50
336 436 0
336 105 61
336 779 6
336 522 18
336 848 10
336 813 97
344 811 75
344 722 53
344 899 26
344 869 13
344 801 55
344 899 60
344 216 46
344 684 34
344 682 83
344 431 47
344 699 27
347 569 87
347 123 8
347 530 47
347 907 43
347 832 39
347 317 59
347 7 7
347 353 83
347 286 58
347 178 86
347 148 84
347 424 62
347 413 9
347 560 96
347 44 24
347 54 79
347 328 4
347 35 62
347 311 11
347 310 58
347 137 49
347 96 46
347 385 15
347 566 87
347 921 57
347 276 5
348 56 22
348 672 28
348 432 50
348 892 61
348 678 45
348 113 17
348 4 41
349 105 0
349 30 23
349 230 84
349 290 37
349 167 54
349 692 13
349 879 94
349 958 70
349 336 73
349 149 27
350 28 76
350 923 33
350 291 87
350 706 3
350 951 1
350 601 71
350 106 48
350 106 66
350 876 56
350 393 40
350 310 16
350 610 68
350 323 48
350 910 28
350 413 76
350 671 75
350 442 22
350 931 20
350 86 56
351 519 83
351 345 26
351 20 64
351 212 35
351 790 49
351 770 1
351 877 71
351 191 76
351 29 83
351 997 56
351 738 78
351 315 61
351 661 3
354 123 47
354 586 65
354 901 7
354 756 13
354 764 84
354 376 13
354 532 19
354 577 15
354 499 99
354 712 77
354 805 72
354 979 83
354 615 0
354 480 94
354 476 58
354 586 53
354 188 95
354 956 1
354 58 86
356 419 0
356 606 31
356 57 62
356 82 25
356 774 82
356 94 71
356 249 3
356 102 8
356 381 62
356 30 72
356 176 69
356 563 61
356 758 43
356 592 13
356 954 39
356 34 36
356 774 24
356 461 6
356 469 28
356 68 33
356 679 17
356 0 20
356 581 87
356 75 95
356 17 81
356 554 13
356 789 21
356 298 5
356 337 8
356 72 28
356 710 24
356 589 98
356 580 46
358 519 47
360 84 25
360 901 22
360 460 23
360 125 72
360 791 72
360 33 78
360 296 37
360 49 0
360 882 60
360 365 0
364 186 1
364 154 13
364 326 10
364 687 9
364 80 7
365 622 2
365 688 57
365 141 88
369 332 44
369 165 65
369 566 45
369 64 76
369 305 7
373 880 2
373 818 14
373 849 49
373 628 10
373 624 84
373 552 10
373 350 76
373 779 71
373 390 78
373 801 71
373 927 47
373 809 32
373 913 27
373 941 4
373 867 74
373 920 55
373 393 43
373 860 2
373 366 47
373 515 84
373 241 99
373 764 43
373 736 39
373 441 77
373 679 76
373 0 35
373 859 35
375 648 55
375 845 31
375 950 40
375 494 79
375 187 86
375 256 57
375 526 35
375 526 16
375 552 37
375 896 73
375 442 7
375 726 1
375 95 98
375 582 93
375 163 87
375 690 28
375 381 49
375 663 71
375 635 27
375 557 94
375 941 65
375 924 44
375 116 88
375 650 73
375 414 96
375 762 27
375 899 49
375 915 29
375 884 20
375 571 14
376 853 50
376 339 93
376 345 27
376 349 92
376 42 29
376 300 97
376 84 50
376 606 30
376 427 21
376 228 76
376 874 23
376 372 14
376 884 65
376 346 78
376 705 18
376 798 80
376 830 93
376 441 45
376 385 79
376 815 92
376 554 10
376 737 94
376 281 4
376 51 96
376 60 3
376 206 92
376 575 12
376 812 6
376 659 61
376 857 98
376 102 91
376 319 61
377 521 43
377 424 85
377 919 71
377 209 44
377 394 54
377 727 39
377 967 82
377 18 44
377 37 7
377 299 68
377 352 93
377 697 62
377 508 58
378 81 28
378 155 78
378 12 8
378 666 37
378 4 4
378 954 40
378 191 48
378 54 87
378 626 50
378 419 63
378 209 18
378 377 57
378 559 70
378 855 54
378 218 2
378 586 93
379 277 17
379 951 12
379 49 79
379 914 11
379 162 53
379 196 44
379 584 95
379 893 34
379 375 64
379 616 77
379 741 10
379 198 70
379 173 26
379 173 63
379 669 87
379 11 74
379 26 41
379 521 18
379 182 74
379 987 89
379 935 75
379 527 86
379 692 79
379 703 55
379 725 96
379 818 23
379 433 33
379 537 36
379 852 48
379 479 79
379 496 16
380 823 62
380 504 97
380 693 75
380 86 43
380 567 59
380 793 88
380 152 89
380 778 68
380 793 47
380 684 41
381 776 70
381 200 1
381 482 2
381 282 7
381 722 18
381 528 48
381 936 53
381 298 56
381 337 64
381 411 96
381 414 11
381 936 61
381 527 1
381 549 9
381 726 15
381 295 33
381 463 74
381 305 74
381 909 46
381 736 7
381 50 71
381 819 98
381 757 57
381 144 31
381 930 50
381 640 95
381 13 97
381 511 90
381 764 31
381 499 54
381 374 94
381 439 34
381 993 31
381 497 53
381 990 17
381 322 15
381 327 59
386 718 13
386 294 20
386 181 63
386 40 78
386 212 27
386 392 39
386 677 10
386 737 87
386 61 74
386 164 61
386 816 1
386 477 35
386 11 18
386 360 23
387 150 97
387 487 20
387 54 74
387 964 65
387 733 97
387 375 60
387 627 97
387 978 61
387 485 22
387 991 5
387 720 73
387 927 4
387 142 92
387 498 54
387 435 50
387 179 75
387 880 66
387 248 17
387 766 13
387 550 43
387 239 91
387 853 27
387 738 88
387 416 55
387 628 39
388 416 80
388 96 25
388 747 47
388 473 15
388 393 97
388 838 51
388 971 34
388 376 78
388 146 5
388 763 39
388 965 18
388 60 17
388 268 86
388 213 28
388 46 57
388 475 55
388 424 46
389 68 75
389 584 75
389 6 5
389 998 79
389 712 28
389 754 19
390 935 7
390 824 85
390 255 39
390 185 17
390 113 42
390 984 73
390 986 53
390 356 16
390 797 94
390 729 90
390 122 62
390 925 18
390 91 60
392 612 24
392 422 92
392 539 74
392 606 64
392 999 81
392 148 90
393 592 18
393 427 50
393 1 1
393 938 53
393 223 43
393 677 99
393 20 34
393 947 63
394 785 89
394 345 72
394 103 53
394 192 70
394 32 7
394 927 29
394 645 88
394 492 77
394 853 42
394 664 71
394 205 35
394 198 52
394 322 34
394 204 27
394 974 17
394 906 45
394 139 30
394 792 68
394 605 23
398 657 14
398 447 83
398 596 76
398 365 9
398 78 87
398 899 55
398 800 15
398 225 64
398 107 70
398 378 79
398 30 97
398 315 10
398 757 32
398 888 89
398 524 19
398 647 78
398 614 92
398 162 26
398 455 81
398 889 83
399 288 0
399 674 48
399 716 46
399 321 0
399 443 92
399 63 32
399 521 61
399 163 85
401 555 80
401 875 77
401 525 53
401 159 93
401 66 21
401 492 84
401 410 97
401 466 48
401 43 48
401 637 41
401 162 78
401 881 92
401 709 87
401 69 80
401 168 86
401 346 31
401 374 68
401 455 73
401 294 93
401 852 7
402 118 7
402 925 25
402 556 39
402 177 43
402 526 2
402 46 98
402 2 66
402 475 16
402 143 60
402 643 23
402 35 79
402 263 73
402 64 68
402 786 94
402 178 63
402 173 30
402 583 43
403 220 63
403 737 1
403 511 40
403 577 32
403 690 6
403 51 5
403 216 87
403 795 35
403 934 79
404 508 35
404 858 2
404 566 14
404 393 59
404 937 50
404 413 50
404 762 45
404 223 93
404 485 5
404 519 32
405 836 56
405 52 67
405 242 3
405 773 46
405 764 19
405 781 94
405 76 38
405 713 63
405 733 46
405 86 18
405 823 49
405 633 18
405 280 3
405 41 14
405 427 83
405 996 30
405 963 6
405 608 78
405 585 99
405 527 24
405 653 69
405 834 79
405 388 78
405 196 62
405 583 50
405 954 98
405 790 36
405 605 43
405 36 71
405 929 17
405 910 70
405 914 68
405 975 28
405 743 24
405 66 53
405 428 59
411 530 24
411 914 85
411 928 92
411 5 72
411 317 12
411 666 62
411 878 91
411 43 81
411 195 19
411 526 18
411 916 33
411 233 79
411 199 52
411 859 16
411 97 89
411 416 49
411 817 96
411 642 26
411 206 63
411 886 66
411 191 69
411 799 98
411 118 80
411 468 79
411 502 49
411 788 84
411 746 8
411 535 31
411 587 70
412 780 15
412 533 32
412 67 79
412 73 65
412 872 6
412 320 54
412 549 87
412 717 89
412 980 43
412 266 54
412 738 13
412 475 91
412 11 48
412 26 75
412 761 11
412 46 52
412 70 81
413 208 33
413 776 48
413 965 2
413 941 19
413 574 86
413 566 48
413 507 41
413 138 95
413 604 75
413 297 35
413 333 12
413 84 58
413 502 33
413 858 45
413 589 41
413 80 27
413 455 46
413 390 48
413 788 92
413 452 80
413 475 46
413 624 22
413 846 92
413 19 68
416 791 96
416 545 17
416 201 20
416 203 43
416 60 19
416 545 39
418 564 75
418 826 33
418 465 83
418 490 69
418 681 64
418 699 70
418 382 31
418 618 16
418 299 65
418 930 26
418 664 68
418 472 23
418 215 54
418 107 47
419 56 34
419 482 39
419 339 79
419 450 38
419 292 95
419 8 12
419 71 87
419 604 68
419 373 63
419 783 25
419 240 45
419 437 87
419 29 95
419 812 51
419 675 91
419 163 77
421 953 89
421 536 4
421 126 23
421 418 51
421 947 38
421 783 53
421 90 1
421 2 93
421 703 58
421 808 40
421 488 66
421 299 24
421 66 48
421 995 57
421 453 57
421 797 24
421 153 25
421 168 37
421 362 93
421 338 63
421 49 16
421 571 89
421 363 65
421 471 88
421 253 17
421 620 23
421 367 98
421 179 56
421 759 77
421 614 12
421 207 73
421 0 5
422 258 98
422 814 53
422 52 73
422 307 53
422 92 30
422 918 9
422 138 5
422 534 55
422 508 80
422 221 88
422 64 5
422 945 77
422 530 74
422 942 42
422 821 24
422 222 68
422 876 85
422 297 57
422 857 27
422 365 32
422 694 69
422 37 1
422 946 60
422 91 27
422 200 24
422 365 90
422 865 39
422 211 43
422 654 52
422 501 27
422 499 21
422 951 23
426 502 39
426 46 45
426 621 16
426 974 17
426 41 63
426 625 96
426 708 10
426 737 31
428 268 64
428 417 25
428 417 17
428 784 3
428 315 49
428 193 36
428 454 5
428 66 19
428 639 79
428 855 61
428 105 32
428 638 3
428 264 29
428 554 61
428 988 69
428 405 75
428 983 37
428 939 50
428 995 39
428 145 62
428 963 37
428 555 99
428 110 59
428 975 91
428 595 53
428 767 63
428 712 59
428 817 22
428 413 25
428 307 98
428 996 84
428 27 29
428 987 43
428 292 59
433 756 63
433 303 25
433 832 75
433 242 57
433 674 19
433 745 89
433 634 55
433 907 38
433 877 78
433 190 43
433 491 89
433 264 57
433 700 70
433 123 15
433 185 75
439 696 15
439 368 72
439 508 71
439 187 42
439 396 89
439 473 61
439 263 79
439 578 72
439 729 12
439 112 16
439 892 37
439 755 8
439 599 78
439 38 96
439 830 6
439 540 96
439 86 65
439 125 44
439 528 84
439 141 67
439 663 16
439 694 51
439 757 80
439 169 71
439 365 49
439 641 80
439 130 71
439 969 80
439 737 89
439 729 42
439 47 40
439 824 70
439 598 91
443 876 63
443 613 79
443 234 68
443 376 2
443 655 20
443 506 61
443 1 7
443 84 40
443 142 24
443 109 63
443 893 53
443 560 55
443 266 91
443 506 55
444 435 36
444 688 6
444 26 83
444 846 78
444 622 15
444 188 50
444 897 81
444 706 4
444 85 33
444 815 65
444 17 13
444 341 20
444 911 14
444 747 94
444 905 13
444 910 8
444 119 73
444 373 68
444 378 95
444 974 23
444 577 0
447 696 16
447 960 29
447 795 3
447 66 90
447 817 43
447 955 53
447 822 82
447 68 94
447 294 47
447 364 8
447 694 72
447 539 74
447 350 8
447 588 75
447 29 34
447 289 77
447 652 69
447 253 69
449 902 2
449 61 18
449 237 19
449 838 96
449 966 22
449 130 79
449 135 23
449 309 73
449 923 11
449 430 40
449 880 29
449 486 66
449 646 23
449 772 87
449 360 28
449 666 27
449 456 16
449 583 6
449 437 28
449 153 40
450 70 44
450 224 9
450 108 47
450 719 76
450 506 66
450 342 1
450 747 34
450 886 62
450 408 0
450 351 28
450 505 63
450 871 25
450 914 64
450 942 74
450 976 26
450 552 2
450 620 68
450 156 19
450 872 98
450 157 93
450 911 66
450 817 18
451 509 90
451 39 69
451 736 20
451 575 22
451 30 98
451 328 94
451 259 81
451 885 50
451 936 67
451 123 82
451 987 4
451 357 39
451 244 34
454 353 5
454 906 51
454 423 75
454 236 65
454 157 96
454 159 46
454 236 82
454 661 10
454 551 95
454 954 7
454 441 91
454 746 99
454 94 37
454 790 62
454 113 82
454 932 43
454 782 4
454 373 9
454 386 17
454 101 4
454 603 83
454 802 15
455 953 56
455 723 22
455 498 78
455 442 27
455 425 44
455 757 77
455 640 1
455 152 42
455 376 76
455 321 51
455 777 86
455 94 7
455 147 4
456 739 99
456 347 77
456 153 30
456 526 12
456 557 82
456 528 15
456 561 3
456 324 56
456 880 99
456 7 30
456 647 48
456 242 74
456 297 8
456 368 55
456 378 65
456 779 8
456 490 65
456 946 54
456 226 56
456 592 79
458 919 0
458 729 28
458 54 92
458 898 80
458 432 10
458 820 70
458 827 54
458 99 40
458 585 71
458 614 11
458 384 13
458 324 23
458 353 76
458 264 10
458 262 15
458 855 6
458 941 9
458 736 62
458 334 72
458 969 71
459 573 58
459 713 92
459 270 92
459 48 9
459 250 29
459 218 75
459 826 50
459 743 61
459 708 90
459 85 25
459 881 71
459 665 45
460 575 39
460 593 47
460 438 69
460 531 32
460 6 45
460 549 11
460 36 10
460 867 76
460 528 58
460 286 73
460 963 11
460 145 27
460 503 36
460 810 95
460 475 65
460 560 81
460 232 0
460 850 21
460 881 4
460 20 69
460 860 62
460 909 4
460 871 75
460 783 22
460 30 38
460 153 49
460 984 31
460 637 66
460 47 3
460 296 52
460 505 94
460 738 15
460 486 5
460 729 56
460 439 92
460 779 66
460 2 34
460 963 5
460 61 79
460 635 77
460 899 41
460 302 32
460 187 99
460 700 69
460 431 51
460 496 7
460 748 41
460 179 28
460 408 85
467 762 60
467 409 64
467 511 40
467 162 99
467 116 82
467 440 86
467 372 17
468 350 14
468 201 49
468 743 36
468 637 4
468 657 54
468 962 80
468 448 84
468 237 15
468 477 76
468 816 55
468 958 87
468 950 85
468 714 97
468 832 10
468 76 87
468 361 2
468 203 30
468 710 91
468 778 1
468 917 59
468 859 4
468 645 27
468 745 12
468 660 79
469 271 39
469 800 48
469 771 64
469 40 83
469 312 97
469 969 9
469 226 5
469 153 53
469 801 15
469 999 25
469 38 12
469 930 35
469 833 20
469 340 35
469 331 92
469 179 11
469 672 14
469 664 48
469 646 98
469 572 75
469 789 33
469 643 93
469 881 17
469 510 2
469 886 67
469 92 0
469 777 80
469 399 88
469 737 5
469 24 11
469 395 38
469 526 23
469 404 21
469 694 38
469 205 54
470 352 27
470 707 77
470 253 6
470 790 44
470 882 27
470 195 84
470 615 62
470 42 31
470 452 55
470 175 91
470 101 72
473 559 76
473 329 91
473 24 83
473 822 20
473 316 73
473 739 27
473 144 61
473 470 8
473 286 38
473 733 79
473 340 10
473 607 84
473 73 14
473 836 42
473 155 73
473 418 80
473 328 52
473 165 36
473 821 70
473 966 32
473 643 22
473 118 69
473 918 79
473 196 7
473 679 66
473 722 66
473 963 65
473 635 10
473 805 21
473 265 23
473 457 73
473 833 2
473 452 63
473 82 26
474 739 2
474 889 45
474 74 0
474 671 10
474 743 97
474 590 59
474 409 75
474 867 71
474 900 69
474 237 43
474 343 20
474 474 6
474 551 33
474 435 42
474 754 23
474 38 83
474 592 58
474 869 5
476 421 40
476 645 66
476 380 99
476 879 41
476 219 29
476 985 25
476 345 34
476 223 72
476 14 16
476 259 97
476 819 43
476 786 42
476 92 37
476 588 2
476 423 84
476 201 79
476 339 89
477 78 38
477 275 59
477 739 93
477 805 37
477 626 8
477 645 64
477 372 40
477 606 43
477 245 97
477 555 46
477 503 78
477 764 60
477 649 52
477 475 60
477 422 63
477 131 15
477 169 3
477 969 11
477 903 4
477 143 8
477 190 25
483 460 32
483 525 70
483 707 71
483 569 81
483 739 64
483 358 42
483 860 4
483 678 54
483 559 40
483 775 42
483 676 71
484 802 45
484 381 79
484 256 3
484 116 31
484 72 76
484 922 23
484 682 23
484 685 42
484 899 36
484 821 44
484 535 82
484 419 36
484 879 20
484 655 77
484 69 4
484 547 80
484 449 1
484 539 60
484 366 41
484 300 0
486 166 85
486 542 18
486 783 8
486 943 37
486 917 24
486 199 61
486 990 72
486 881 6
486 363 69
486 216 10
486 802 85
486 918 98
486 837 16
486 505 54
486 496 10
486 576 23
486 753 97
486 655 58
486 199 0
486 184 23
486 792 96
486 160 45
486 729 71
486 564 77
486 510 34
486 646 70
487 932 85
487 574 24
487 175 95
487 50 57
487 508 24
487 255 61
487 170 96
487 655 0
487 364 55
487 712 48
487 287 48
487 523 81
487 824 94
487 51 21
487 764 45
487 157 87
487 920 52
487 728 77
492 392 19
492 665 21
492 952 32
492 735 79
492 258 17
492 468 13
492 796 44
493 525 15
493 501 90
493 728 87
493 365 63
493 920 38
493 527 40
493 640 86
493 581 88
493 396 18
493 625 48
493 996 78
493 862 36
493 426 92
493 418 22
493 179 56
493 656 96
493 884 73
493 860 40
493 473 2
493 583 84
493 56 57
493 31 35
493 282 60
493 242 42
493 469 39
493 767 39
496 231 52
496 151 5
496 610 8
496 572 88
496 251 62
496 676 54
496 749 53
496 792 31
496 532 11
496 900 26
496 894 5
496 164 8
496 378 89
496 239 68
496 197 93
496 225 5
496 398 95
496 164 88
496 127 91
496 939 22
496 279 25
496 820 28
496 472 85
496 982 21
496 702 48
496 635 26
496 783 92
496 255 16
496 875 13
496 713 40
496 661 91
496 25 85
496 628 26
499 799 27
499 159 52
499 260 94
500 808 40
500 339 32
500 336 24
500 534 6
500 708 91
500 258 89
500 776 47
506 223 93
506 170 0
506 314 33
506 566 36
506 92 11
506 687 50
506 391 68
509 70 95
509 432 78
509 456 75
509 725 43
509 966 96
509 508 19
509 488 89
509 269 90
509 922 86
509 492 10
509 350 63
509 513 52
509 818 24
509 393 62
509 548 46
512 431 44
512 723 39
512 485 98
512 282 1
512 594 74
512 11 66
512 948 59
512 2 60
512 841 71
512 375 53
512 527 88
512 663 23
512 424 33
512 427 4
512 276 84
512 133 99
512 553 42
512 99 64
512 450 65
513 789 11
513 822 47
513 346 61
513 354 61
513 333 23
513 745 80
513 782 67
515 977 67
515 146 64
515 759 29
515 688 24
520 189 34
520 442 44
520 356 34
520 927 50
520 761 15
520 51 23
520 924 15
520 984 34
520 145 45
520 378 14
520 39 18
520 978 67
520 678 49
520 951 79
520 460 85
520 878 97
520 320 6
520 756 73
520 896 96
520 976 57
520 164 42
528 438 11
528 799 26
528 728 6
528 600 23
528 29 91
528 219 46
528 35 59
528 372 5
528 955 42
528 682 37
528 93 91
529 557 9
529 892 24
529 773 38
529 698 61
529 442 93
529 363 7
529 1 45
529 769 74
529 266 14
529 666 8
529 280 1
529 393 99
529 484 25
529 260 50
529 536 31
529 567 16
529 447 52
529 577 75
529 107 28
529 656 34
529 210 71
529 59 15
529 377 68
532 608 3
532 127 94
532 546 25
532 169 84
532 699 1
532 610 11
532 865 99
532 558 34
532 185 75
532 339 84
532 706 64
532 429 17
532 607 25
532 807 16
532 143 50
532 399 56
532 332 23
532 642 52
532 220 35
534 688 66
534 338 54
534 899 50
534 228 27
534 653 53
534 804 27
534 953 41
534 984 95
534 557 20
534 743 30
534 255 23
534 173 79
534 460 99
534 653 40
534 614 57
534 442 56
534 217 64
534 430 36
534 9 33
534 186 66
534 741 75
534 972 70
535 200 35
535 427 41
535 634 23
535 284 60
535 767 29
535 710 88
535 684 47
535 513 78
535 381 89
535 890 73
535 950 52
535 461 49
535 572 79
535 461 44
535 56 8
535 536 62
535 60 90
538 185 71
538 847 47
538 702 3
538 620 54
538 180 66
538 514 22
538 442 71
538 330 84
538 436 37
538 766 90
538 951 89
538 604 97
538 995 6
538 727 43
538 186 27
538 857 52
538 75 63
538 559 96
538 756 84
538 452 69
538 609 77
538 374 14
538 121 4
538 775 91
538 117 17
538 528 85
538 333 68
538 941 47
546 307 61
546 316 53
546 693 24
546 396 2
546 481 16
546 864 80
546 950 19
546 155 40
546 117 86
546 634 1
546 577 93
546 65 57
546 117 70
546 262 53
546 857 90
546 815 44
546 584 57
546 890 30
546 769 14
546 564 4
547 55 40
547 884 78
547 174 64
547 661 83
547 540 50
547 819 40
547 610 68
547 328 99
547 172 18
547 418 92
547 561 85
547 828 26
547 783 34
547 262 98
550 534 48
550 171 94
550 854 78
550 261 38
550 779 96
550 195 61
550 972 93
550 337 80
550 336 87
550 180 8
550 436 98
550 19 28
550 260 58
550 520 1
550 784 21
550 400 7
550 429 35
550 361 1
550 730 34
550 383 37
550 336 61
550 657 11
550 262 61
550 445 28
552 716 79
552 619 73
552 319 96
552 23 92
552 494 17
552 671 44
552 788 31
552 39 36
552 801 89
552 596 39
552 337 90
552 635 81
552 240 89
552 561 42
552 373 28
552 548 57
552 532 90
552 845 43
552 413 1
553 859 75
553 868 20
553 422 90
553 242 5
553 927 3
553 394 86
553 61 69
553 898 68
553 400 32
553 724 55
553 453 82
553 481 23
553 537 42
553 598 37
553 854 66
553 475 9
553 749 53
553 751 53
554 750 36
554 91 69
554 434 22
554 504 42
554 139 88
554 341 76
554 670 76
554 793 10
554 608 3
554 790 96
554 84 25
554 24 71
554 498 14
554 231 57
554 865 59
554 17 83
554 577 74
554 88 20
554 18 53
554 221 38
554 151 45
554 611 38
554 231 40
556 285 14
556 148 14
556 949 2
556 799 43
556 162 32
556 150 57
556 57 9
556 164 58
556 151 20
556 118 22
556 479 10
556 307 38
556 551 66
556 718 17
557 749 84
557 22 12
557 602 43
557 367 69
557 669 98
557 765 58
557 511 64
557 422 75
557 696 22
557 292 33
557 872 64
557 698 62
557 747 70
557 271 46
557 517 53
557 459 67
557 427 15
557 401 88
557 984 80
557 58 6
559 622 22
559 721 5
559 573 97
559 799 88
559 240 78
559 11 0
559 654 85
559 859 64
559 477 73
559 749 85
559 480 17
562 41 25
562 482 61
562 777 32
562 432 69
562 298 8
562 742 55
562 283 2
562 238 73
562 609 98
562 718 15
562 929 26
562 253 45
562 874 45
562 686 54
564 619 30
564 539 55
564 189 41
564 777 32
564 12 4
564 136 86
564 526 67
564 11 49
564 51 95
564 836 94
564 911 83
564 997 35
564 550 99
564 206 69
564 963 90
564 632 3
564 714 84
564 142 55
564 563 9
564 652 4
564 479 11
564 393 72
564 477 72
564 744 66
564 240 87
564 101 99
564 897 55
564 403 92
564 363 89
565 674 70
565 375 7
565 429 61
565 337 50
565 814 23
565 747 7
565 789 22
565 946 11
565 876 44
565 719 75
565 63 96
565 405 83
565 361 23
565 336 21
565 296 9
565 488 73
565 243 65
565 931 20
565 132 68
565 220 66
565 856 52
565 704 17
565 746 35
565 91 72
565 571 10
565 616 54
565 83 20
565 594 72
565 422 82
567 692 35
567 266 92
567 836 73
567 157 16
567 977 31
567 286 74
567 163 86
567 64 10
567 248 79
567 60 33
567 756 57
567 630 65
567 248 73
567 348 41
567 665 84
567 935 91
567 489 84
567 990 55
567 13 8
567 79 34
567 114 20
567 861 87
567 389 51
568 58 91
568 650 1
568 590 82
568 536 32
568 469 40
568 269 14
568 359 68
568 674 21
568 946 39
568 940 8
568 82 89
568 604 10
569 260 98
570 157 8
570 396 4
570 665 7
570 76 90
570 733 95
570 452 58
570 16 87
570 934 86
570 319 43
570 25 34
570 734 60
570 470 13
570 914 71
570 760 12
570 233 23
570 26 72
570 600 99
570 728 58
570 578 53
570 767 38
571 97 12
571 779 64
571 394 16
571 423 19
571 795 38
571 973 67
571 559 58
571 539 48
571 376 91
571 690 9
571 935 43
571 242 57
571 292 37
571 703 74
571 679 56
571 282 74
571 159 67
571 454 84
571 883 76
571 821 5
571 941 89
571 216 52
571 788 48
571 734 40
571 512 78
571 286 0
571 261 78
571 316 34
571 782 62
572 368 77
572 333 30
572 232 80
572 379 2
572 311 57
572 182 81
572 554 16
572 19 98
572 598 49
572 788 11
572 270 60
572 695 29
572 123 22
572 511 17
572 238 88
572 577 1
572 370 67
572 773 84
572 756 84
572 363 70
572 978 34
572 273 88
572 416 38
572 589 71
572 228 85
572 159 89
572 695 13
572 759 52
572 674 89
572 236 30
572 382 53
572 904 46
572 950 83
572 511 9
572 78 11
572 339 13
572 508 25
572 23 92
572 328 69
573 218 3
573 762 5
573 806 42
573 685 31
573 725 59
573 914 60
573 789 13
573 661 14
573 14 59
573 124 10
573 254 25
573 395 36
573 93 37
573 455 67
573 886 9
573 600 86
574 210 3
574 359 48
574 250 91
574 220 40
574 417 12
574 577 30
574 853 91
574 562 43
574 161 65
574 147 11
574 550 69
574 256 43
574 630 34
574 962 41
574 588 28
574 624 10
574 937 99
574 23 80
574 790 45
574 203 64
574 140 51
574 379 19
574 822 99
574 111 19
574 221 33
574 299 98
574 705 99
574 885 88
574 668 20
574 176 83
574 83 54
574 735 61
574 983 36
574 546 50
577 860 99
577 137 34
577 58 72
577 627 13
577 935 66
577 333 41
577 975 91
577 896 78
577 951 2
577 547 81
577 546 59
577 611 54
577 653 59
577 538 90
577 71 15
577 450 7
579 71 77
579 634 86
579 435 35
579 227 27
579 492 74
579 452 33
579 959 46
579 709 53
579 52 25
579 577 82
579 379 69
579 593 68
579 702 91
579 899 40
579 167 92
579 842 61
579 532 93
579 747 31
579 680 82
579 68 48
579 230 0
580 405 88
580 159 79
580 393 22
580 516 28
580 853 56
580 819 19
580 765 43
580 835 83
580 784 2
580 531 21
582 823 6
582 657 72
582 74 10
582 386 86
582 767 63
582 2 18
582 398 26
582 74 47
582 500 25
582 371 70
582 676 14
582 996 93
587 817 32
587 344 46
587 135 1
587 538 20
587 41 43
587 186 10
587 292 50
587 555 50
587 996 71
592 888 53
592 154 71
592 993 30
592 104 85
592 12 73
592 498 0
592 120 89
592 724 34
592 345 11
592 565 33
592 914 84
592 522 70
592 808 28
592 158 41
592 693 32
592 177 6
592 379 75
593 345 46
593 826 38
593 856 96
593 816 1
593 211 95
593 666 43
593 408 31
593 79 70
593 938 82
593 215 40
594 563 29
594 572 77
594 842 29
594 563 57
594 255 27
594 538 94
595 254 88
595 412 24
595 852 10
595 748 2
595 939 86
595 822 38
595 36 21
595 278 39
595 915 80
595 710 3
595 668 84
595 748 18
595 180 12
595 300 23
595 572 92
595 300 97
595 125 24
595 916 3
595 659 97
595 709 32
595 172 81
595 683 95
595 136 83
595 325 31
595 827 33
597 872 71
597 803 70
597 608 89
597 568 90
597 501 75
597 505 63
597 148 42
597 744 83
597 15 22
597 940 37
597 890 83
597 625 46
597 730 9
597 270 75
597 292 51
597 706 39
597 606 47
597 164 46
597 971 12
597 915 58
597 141 81
597 64 50
597 482 61
597 740 67
597 536 81
597 18 96
597 322 74
597 60 11
597 21 59
597 410 67
597 776 47
597 910 8
597 389 77
597 264 5
600 396 16
600 702 90
602 430 75
602 946 33
602 278 51
602 394 66
602 544 99
602 961 65
602 172 90
602 66 66
602 637 91
602 296 14
602 58 62
602 857 4
602 579 53
602 61 65
602 989 33
602 118 69
602 370 49
603 936 21
603 381 78
603 630 99
603 962 62
603 746 6
603 638 15
603 322 95
603 132 62
603 69 41
603 330 39
603 931 92
603 491 21
603 924 21
603 913 7
603 258 37
603 527 34
603 896 87
606 251 94
606 303 0
606 350 19
606 364 74
606 698 79
606 82 94
606 495 69
606 581 84
606 913 85
606 345 52
606 24 3
606 928 15
606 131 71
606 77 18
606 978 60
606 914 92
606 265 7
606 412 33
606 365 59
606 313 35
606 792 57
606 315 92
607 409 4
607 309 78
607 52 48
607 671 94
607 311 50
607 80 17
607 784 39
607 200 69
607 992 37
607 591 12
607 454 82
607 689 62
607 460 39
609 54 76
609 764 40
609 463 90
609 184 2
609 131 89
609 33 76
609 73 3
609 136 98
609 492 57
609 66 32
609 27 40
609 940 47
609 952 58
609 679 32
609 534 78
609 236 45
609 474 14
609 954 0
609 889 58
609 666 6
609 960 65
609 366 39
609 106 18
609 658 53
609 743 84
609 281 19
609 517 35
609 900 72
609 502 43
609 998 50
609 491 84
609 469 78
609 669 79
609 128 41
609 989 50
609 745 81
609 30 79
609 958 75
609 65 48
609 14 7
610 173 20
610 563 88
610 331 51
610 920 73
610 190 28
610 764 66
610 214 53
610 995 13
610 49 34
610 828 75
610 229 53
610 996 25
610 26 65
610 7 97
610 247 12
610 201 93
610 907 69
610 655 32
610 121 38
610 642 75
610 411 72
610 365 0
610 57 39
610 334 60
610 563 13
610 289 38
612 902 21
612 507 92
612 433 36
612 207 39
612 75 42
612 344 70
612 439 58
612 817 69
612 657 84
612 560 88
612 99 76
612 403 25
612 625 10
612 540 95
612 120 31
612 448 33
612 247 52
612 262 35
612 482 65
612 536 39
612 889 13
612 303 91
612 522 45
612 85 90
612 794 88
612 934 38
612 735 60
614 440 8
614 870 23
614 366 70
614 746 4
614 196 62
614 731 44
614 549 87
614 151 9
617 719 49
617 99 47
617 172 72
617 746 18
617 513 22
617 472 9
617 122 0
617 392 20
617 181 40
617 607 51
617 754 97
617 207 27
617 562 53
617 994 36
617 539 73
617 683 49
617 629 42
617 434 91
617 780 18
617 229 26
617 606 99
617 559 79
617 874 12
617 112 11
617 687 96
617 362 4
617 403 77
617 47 0
617 409 19
617 421 39
617 500 27
617 812 11
618 259 41
618 921 28
618 331 23
618 30 97
618 534 98
618 735 62
618 12 72
618 507 13
618 720 86
618 300 44
618 894 4
618 161 44
618 781 39
618 614 34
619 253 16
619 747 29
619 917 8
619 899 96
619 37 59
619 863 17
619 660 96
619 831 92
622 995 73
622 964 3
622 116 67
622 844 2
622 630 43
622 444 12
622 107 48
622 920 45
622 796 94
622 288 73
622 746 20
622 752 28
623 146 64
623 435 38
623 96 57
623 562 30
623 504 46
623 926 70
623 542 53
623 760 91
626 587 5
626 961 43
626 257 1
626 9 80
626 644 81
626 47 5
626 781 52
626 840 59
626 319 63
626 644 51
626 28 20
626 211 44
626 615 97
626 476 71
626 285 10
626 60 67
626 477 88
626 717 75
626 635 76
626 730 78
626 488 12
626 203 97
626 556 57
628 215 33
628 55 7
628 62 15
628 165 57
628 64 99
628 478 87
628 136 30
628 244 45
628 753 36
628 203 22
628 831 18
628 701 87
628 225 36
628 125 24
628 519 20
628 840 88
628 392 74
628 194 72
628 11 99
628 336 61
628 172 47
628 635 38
628 513 63
629 569 78
629 438 88
629 110 95
629 975 96
629 308 72
629 907 75
629 937 21
629 209 37
629 15 89
629 802 84
629 361 24
630 54 34
630 368 90
631 419 34
631 799 35
631 361 69
631 252 77
631 284 60
631 956 31
631 843 48
631 545 93
631 712 20
631 967 31
631 488 99
631 54 12
631 288 46
631 707 97
631 270 80
631 149 67
631 388 9
631 675 45
631 116 89
631 26 66
631 68 41
631 233 11
631 608 21
631 530 40
631 778 69
631 556 9
631 496 80
631 506 95
631 424 39
631 908 61
634 518 80
634 549 82
634 243 84
634 142 36
634 736 55
634 254 63
634 288 8
634 400 57
634 551 21
634 832 69
634 868 52
634 169 27
634 751 73
634 277 75
634 382 20
634 638 24
634 579 60
634 256 66
634 66 15
634 482 20
634 75 71
634 133 68
634 20 62
634 385 9
634 407 94
634 650 96
634 571 47
634 231 66
634 900 10
634 593 71
634 825 10
636 185 13
636 126 57
636 238 67
636 357 58
636 630 73
636 450 43
636 10 55
636 224 78
636 703 88
636 4 83
636 277 85
636 989 59
636 949 76
637 879 72
637 984 1
637 704 5
637 597 12
637 62 15
637 916 18
637 250 72
637 324 61
637 993 39
637 461 44
637 482 48
637 868 60
637 472 12
637 229 63
637 776 92
637 769 82
637 830 36
637 464 69
637 321 4
637 542 88
637 545 54
637 557 84
637 227 42
637 681 5
637 177 79
637 354 75
637 833 36
637 987 26
637 756 89
637 393 13
637 489 15
637 23 85
637 826 56
637 183 41
637 546 0
637 308 38
638 818 23
638 352 44
638 396 88
638 222 99
638 163 72
638 147 46
638 178 79
638 634 95
638 625 59
638 467 3
638 622 22
638 672 6
638 557 3
638 524 95
638 839 55
638 885 46
638 400 2
638 999 34
638 421 60
638 710 12
638 600 58
638 133 94
638 364 53
638 592 21
638 414 86
638 255 36
638 171 27
638 681 27
638 151 11
638 927 51
638 93 57
638 410 2
638 711 58
638 631 97
638 348 33
638 229 0
638 463 76
638 707 56
638 892 91
638 20 24
638 464 38
639 667 35
639 431 35
639 288 80
639 723 81
639 352 20
639 212 18
639 525 64
639 337 43
639 164 5
639 53 43
639 173 26
640 202 4
640 437 12
640 488 32
640 855 0
640 984 38
640 697 18
640 862 6
640 981 32
640 99 67
640 144 9
640 878 36
640 633 24
640 751 4
640 561 92
640 114 32
640 409 1
643 391 76
643 836 30
643 955 16
643 311 36
643 607 41
643 45 89
643 196 52
643 152 89
643 57 69
643 294 36
643 546 16
643 188 93
643 346 55
643 461 82
643 392 92
643 322 11
643 507 10
643 523 85
643 150 84
643 665 0
643 700 47
643 491 33
643 212 46
643 922 64
643 147 72
643 725 28
644 267 47
644 362 21
644 789 50
644 111 5
644 573 50
644 11 0
644 476 14
644 281 12
644 128 28
644 300 88
644 638 58
644 91 9
644 798 26
644 370 45
644 337 91
644 942 55
644 60 23
645 35 34
645 553 67
645 959 25
645 970 5
645 532 76
645 520 1
645 43 12
645 200 10
645 143 53
645 384 61
645 637 66
645 501 53
645 439 28
645 98 98
647 214 58
647 827 86
647 984 70
647 954 32
647 425 46
647 201 38
647 665 93
647 817 41
647 739 0
647 780 74
647 781 7
647 166 66
647 781 30
647 888 63
647 949 67
647 108 96
647 381 9
647 579 95
647 633 31
647 581 45
647 46 36
647 553 38
649 88 10
649 659 33
649 142 32
649 948 46
649 15 79
649 751 24
649 390 6
649 789 41
649 651 3
649 418 39
649 491 76
649 868 10
649 950 14
649 645 16
649 26 77
649 271 56
649 296 45
649 323 13
649 135 26
649 211 37
649 859 54
649 119 52
649 956 14
649 597 11
649 159 18
649 314 23
652 454 83
652 161 5
652 314 46
652 59 35
652 82 13
652 573 14
652 293 34
652 976 59
652 76 56
652 509 93
652 770 10
652 989 78
652 144 53
652 26 75
652 214 91
652 329 94
652 552 57
652 995 25
652 92 5
652 453 7
652 985 81
652 56 53
652 679 75
652 572 70
652 667 18
652 579 45
652 535 42
652 555 25
652 389 97
652 709 83
652 123 39
652 798 16
652 837 66
652 43 98
652 575 18
652 659 66
653 384 38
653 952 62
653 213 47
653 173 32
653 241 60
653 552 42
653 139 42
653 301 56
653 183 67
653 482 79
653 2 84
653 203 79
653 246 49
653 556 34
653 988 32
653 109 44
653 478 15
653 365 61
654 782 60
654 156 57
654 536 25
654 183 23
654 913 56
654 292 65
654 738 7
654 89 8
654 587 53
654 452 40
654 538 16
654 707 54
654 927 3
654 824 61
654 493 24
654 562 0
654 434 77
656 194 22
656 856 57
656 518 67
656 641 46
656 414 56
656 480 93
656 98 10
656 372 81
656 878 29
656 616 79
656 141 58
656 984 19
656 254 54
656 740 44
656 425 80
656 300 70
656 201 4
657 973 9
657 190 60
657 914 21
657 694 89
657 576 26
657 402 63
658 711 37
658 464 79
658 527 8
658 583 85
658 517 62
658 365 73
658 125 12
658 38 9
658 46 49
658 765 84
658 454 47
658 730 93
658 286 23
658 842 26
658 111 33
658 81 44
658 0 88
658 241 77
658 297 21
658 94 76
658 783 55
658 870 4
658 900 37
658 258 95
658 834 50
658 405 93
658 880 39
661 545 39
661 605 49
661 171 9
661 592 60
661 625 87
661 655 88
661 741 26
661 664 92
661 771 57
661 487 18
661 878 44
661 721 25
661 408 14
661 618 33
661 130 1
661 862 17
661 834 42
663 352 5
663 861 52
663 964 90
663 189 94
663 662 90
663 322 7
663 92 68
663 77 53
663 940 9
663 534 75
663 690 77
663 750 4
663 414 1
663 764 31
663 345 81
663 343 13
663 564 15
663 381 87
663 505 34
663 589 28
663 899 64
663 601 17
663 536 75
663 737 99
663 949 98
663 420 78
664 117 59
664 3 16
664 511 4
664 95 81
664 822 75
664 145 90
664 419 69
664 900 6
664 971 39
664 966 96
664 248 61
664 230 54
664 916 20
664 875 82
664 175 57
664 906 96
664 130 77
664 367 72
664 88 59
664 11 97
664 486 36
664 294 6
669 703 52
669 727 91
669 793 34
669 110 64
669 67 48
669 766 54
669 996 38
669 884 56
669 771 58
669 339 29
669 167 58
669 446 63
669 914 85
669 595 93
669 621 84
669 904 24
669 565 18
669 39 71
669 136 21
669 18 80
669 851 4
669 120 75
669 842 83
669 707 71
669 94 64
669 12 43
671 655 49
671 465 90
671 804 34
671 308 26
671 522 5
671 736 38
671 920 68
671 648 44
675 877 19
675 553 58
675 444 14
675 189 32
675 282 65
675 537 36
675 795 72
675 414 37
675 651 42
675 908 84
675 965 30
680 959 90
680 968 18
680 496 34
680 982 68
680 302 18
680 176 62
680 26 5
680 213 28
680 872 33
680 811 48
680 709 98
680 328 2
680 514 24
680 409 18
680 108 45
680 314 46
680 579 23
680 508 5
680 163 72
680 188 93
680 201 98
680 506 29
680 820 79
680 181 50
680 475 52
680 143 12
680 125 68
680 779 7
680 880 38
682 104 39
682 345 8
682 840 30
682 50 25
682 258 79
682 8 95
682 176 22
682 808 24
682 697 60
682 130 60
682 396 37
682 595 73
682 4 10
682 833 42
682 629 53
682 36 77
682 565 87
682 173 67
682 796 82
682 404 91
682 860 75
683 991 19
683 975 53
683 63 73
683 235 48
683 6 30
683 747 20
683 761 65
683 366 94
683 96 14
683 681 67
683 714 16
683 471 88
683 9 39
683 79 79
683 769 84
683 129 29
683 109 69
683 571 34
683 458 4
683 515 62
683 278 69
683 648 23
683 22 42
683 169 88
683 982 80
684 695 84
684 705 51
684 99 96
684 395 45
684 65 75
685 706 49
685 971 57
685 289 43
685 318 46
685 194 99
685 23 92
685 473 66
685 673 13
685 450 34
685 789 64
685 630 18
685 258 17
685 781 50
685 934 84
685 405 9
685 952 63
685 129 3
685 781 3
686 359 90
686 216 27
688 222 63
688 691 92
688 966 53
688 962 95
688 578 15
688 589 44
688 579 72
688 516 41
688 30 66
688 203 15
688 867 21
688 684 88
688 291 15
688 950 24
688 30 66
688 419 77
688 883 92
688 457 88
689 153 85
689 833 11
689 811 51
689 397 94
689 819 67
689 107 29
689 146 2
689 0 35
689 704 63
689 325 42
689 104 30
689 903 51
689 809 7
689 560 83
689 170 3
689 644 74
689 951 26
689 603 59
689 728 22
689 617 90
689 18 90
692 891 50
692 356 61
692 594 2
692 658 28
692 362 63
692 99 64
692 809 27
692 669 53
692 634 55
692 747 53
692 991 68
692 636 56
692 433 76
692 164 32
692 824 3
692 424 44
692 706 13
692 742 76
692 104 79
692 790 17
692 988 92
692 142 52
692 495 53
692 882 11
692 323 6
692 490 67
692 788 28
692 204 7
692 978 78
692 63 29
693 847 56
693 78 86
693 833 86
693 205 10
693 862 82
693 411 29
693 208 39
693 57 57
693 79 99
693 761 3
693 141 7
693 680 49
693 768 55
693 640 59
693 926 59
693 387 32
693 583 1
694 70 26
694 160 48
694 185 17
694 201 64
694 7 78
694 323 73
694 761 77
694 126 31
694 449 29
694 379 95
694 390 84
694 274 67
694 780 4
694 889 72
694 563 68
694 356 47
694 800 25
694 268 12
694 527 44
694 984 38
694 516 45
694 338 23
694 571 12
694 999 71
694 371 60
694 689 18
694 248 49
694 793 24
694 755 98
694 701 85
695 618 83
695 788 58
695 927 79
695 85 63
695 616 21
696 746 48
696 483 93
696 536 72
696 39 56
696 178 21
696 859 65
696 558 24
696 313 41
696 466 9
696 697 10
696 577 22
696 68 38
696 42 9
696 856 96
696 237 19
696 72 58
696 531 26
696 356 95
696 952 40
696 199 90
696 514 8
696 819 71
696 506 85
698 228 13
698 830 94
698 329 71
698 340 53
698 663 73
698 514 78
698 862 30
698 593 23
698 623 32
698 267 35
698 947 67
698 862 41
698 521 44
698 585 83
698 590 68
698 690 84
698 991 47
698 263 1
698 596 82
698 376 75
698 146 65
698 280 60
698 635 70
698 855 61
699 188 68
699 636 46
699 502 26
699 788 9
699 599 96
699 179 12
699 810 27
699 66 90
699 115 44
699 105 25
699 306 89
699 340 92
699 106 89
699 201 12
699 911 54
699 402 89
699 715 60
699 887 70
699 979 6
699 438 3
699 475 94
699 659 63
699 874 10
699 392 10
699 770 50
700 310 11
700 827 61
700 386 97
700 486 72
700 3 51
700 790 8
700 526 72
700 352 30
700 953 27
700 118 66
700 215 72
700 937 68
700 643 54
700 268 93
700 877 13
700 31 0
701 751 79
701 604 49
701 965 56
701 178 46
701 198 81
701 214 44
701 67 15
701 145 6
701 536 12
701 632 84
701 270 47
701 838 45
701 420 24
703 860 45
703 830 3
703 635 68
703 780 22
703 899 28
703 666 89
703 180 40
703 100 27
703 991 99
703 281 68
703 601 65
703 781 24
704 810 9
704 948 72
704 667 30
704 16 94
704 81 51
704 655 76
704 273 68
704 776 39
704 822 18
704 830 22
704 878 36
704 391 87
704 561 44
706 397 78
706 333 74
706 452 65
706 308 73
706 73 85
706 156 8
706 751 12
706 467 31
706 536 33
706 763 54
706 744 2
706 728 87
706 883 83
706 803 44
706 151 93
706 590 9
706 642 65
706 577 24
707 262 90
707 695 19
707 534 6
707 65 58
707 897 47
707 493 62
707 299 59
707 33 9
707 171 14
707 974 8
707 577 45
707 86 97
707 992 21
707 197 87
707 251 12
707 544 63
707 480 33
711 885 22
711 658 26
711 12 86
711 802 90
711 619 95
711 95 40
711 903 69
711 142 97
711 336 64
711 442 4
711 452 59
711 125 98
713 637 26
713 161 37
713 466 86
713 833 56
713 26 59
713 942 57
713 412 59
713 80 5
713 435 51
713 665 5
713 84 79
713 297 9
713 240 85
713 509 91
713 424 15
713 556 81
713 438 8
713 483 3
713 960 62
713 820 85
713 391 27
713 526 41
713 834 89
716 579 49
716 809 64
716 291 9
716 564 52
716 866 59
716 517 26
716 352 30
716 151 14
716 103 13
716 37 18
716 380 3
718 236 7
718 869 19
718 8 69
718 315 47
718 508 86
718 270 14
718 366 80
718 328 3
718 73 83
718 34 49
718 387 76
718 85 10
718 398 37
718 455 70
718 701 75
720 291 2
720 146 32
720 146 94
720 198 24
720 387 53
720 70 17
720 688 95
720 778 15
720 628 85
720 470 14
720 593 51
720 473 39
720 822 32
720 352 69
720 28 23
720 374 59
720 822 4
720 913 50
720 122 13
720 449 94
720 553 91
720 41 62
720 478 64
720 425 91
720 14 26
720 652 11
720 460 40
720 891 30
720 239 65
720 518 72
720 603 48
722 609 58
722 81 35
725 70 66
725 854 12
725 395 6
725 787 41
725 730 50
725 392 99
725 714 44
725 88 63
725 342 66
725 89 19
725 552 44
725 130 69
725 403 41
725 793 26
725 935 49
725 914 40
725 432 12
725 487 33
725 943 15
725 174 80
725 431 4
725 348 7
725 439 0
725 94 36
725 461 68
725 560 14
725 418 24
725 515 62
725 732 34
725 160 93
725 922 75
725 686 77
725 939 2
725 480 55
725 815 61
725 707 59
727 431 60
727 15 38
727 20 72
727 620 93
727 75 13
727 222 95
727 528 36
727 224 52
727 232 50
727 423 83
727 891 82
727 61 69
727 715 47
727 603 89
727 744 12
727 395 99
727 842 89
727 131 14
727 59 5
727 255 46
727 17 34
727 109 57
727 781 59
727 3 24
727 27 81
727 7 30
729 514 28
729 648 64
729 809 84
729 835 32
729 276 57
729 683 45
729 447 83
729 529 50
733 382 6
733 934 4
733 981 34
733 819 72
733 708 66
733 122 46
733 528 7
733 18 83
733 196 42
733 945 40
733 580 43
733 111 57
733 337 75
733 33 22
733 325 51
733 927 27
733 204 48
733 209 10
733 967 3
733 379 57
733 536 68
733 332 33
735 394 40
735 851 24
735 433 11
735 14 28
735 983 43
735 870 34
735 340 65
735 402 12
735 114 51
735 403 85
735 408 44
735 647 46
735 287 29
735 340 64
735 826 23
735 865 9
735 114 35
735 349 28
735 531 0
735 680 72
735 939 28
735 554 4
735 737 58
736 241 12
736 80 91
736 466 20
736 732 40
736 383 3
736 301 24
736 564 56
736 881 36
736 55 70
736 705 93
736 390 42
736 465 39
736 998 99
738 657 96
738 659 41
738 935 84
738 541 18
738 292 50
738 204 77
738 994 30
738 66 93
738 651 16
738 534 16
738 375 8
738 752 71
738 727 45
738 872 71
738 776 55
738 22 45
738 835 5
738 19 57
738 857 97
738 40 48
738 162 81
738 878 11
739 324 45
739 914 44
739 783 42
739 731 53
739 666 36
739 771 44
739 914 98
739 618 89
739 22 58
739 17 84
739 440 81
739 998 8
739 455 87
739 606 94
739 62 12
743 617 65
743 347 45
743 944 19
743 831 98
743 375 20
743 481 75
743 766 78
743 261 39
743 810 33
743 549 72
743 588 67
743 9 1
743 107 8
743 839 0
745 89 50
745 339 11
745 472 22
745 519 62
745 103 94
745 860 85
745 585 89
745 105 36
745 283 14
745 255 17
745 309 21
745 753 63
745 343 41
745 451 4
745 993 26
746 690 64
746 692 72
746 738 90
746 686 39
746 655 92
746 103 41
746 713 59
746 841 47
746 817 25
746 507 31
746 17 90
746 940 59
747 151 40
747 395 45
747 184 27
747 252 85
747 73 26
747 425 21
747 695 26
747 501 70
747 583 56
747 133 90
747 677 38
747 597 85
747 544 75
747 573 92
747 773 17
747 135 72
747 195 98
747 526 81
747 258 71
749 30 9
749 499 18
749 269 88
749 772 93
749 574 64
752 568 10
752 81 41
752 241 42
752 172 44
752 34 66
752 200 66
752 159 79
752 93 2
752 749 25
752 211 73
752 674 63
754 230 43
754 484 75
756 530 93
756 30 23
756 151 91
756 378 68
756 508 54
756 574 24
756 406 27
756 194 4
756 374 95
756 95 14
756 986 82
756 903 71
756 244 67
757 697 3
757 306 17
757 97 14
757 44 3
757 732 63
757 47 54
757 450 77
757 722 60
757 131 74
757 400 83
757 689 82
757 913 28
757 191 26
757 13 78
757 834 54
757 152 66
757 536 33
757 153 51
757 659 83
757 586 38
757 945 99
757 881 22
757 23 86
759 635 37
759 169 80
759 881 74
759 148 73
759 645 87
759 823 88
759 124 69
759 788 57
759 180 6
759 479 63
759 987 10
760 213 54
760 217 82
760 480 81
760 897 4
760 851 88
760 191 50
760 178 37
760 239 88
760 907 82
760 287 44
760 977 10
760 593 52
760 967 41
760 841 9
760 210 16
760 165 20
760 978 43
760 351 78
760 477 20
760 675 90
760 160 19
760 824 65
760 521 7
760 475 3
760 691 63
760 93 80
760 970 31
760 444 55
760 647 47
760 583 41
760 9 88
760 463 52
760 911 42
760 53 46
761 376 45
761 350 65
761 344 74
761 460 19
761 696 47
761 82 45
763 538 20
763 236 82
763 585 29
763 255 8
763 26 7
763 33 15
763 73 9
763 291 5
764 896 41
764 530 48
764 454 77
764 844 85
764 599 42
764 819 10
764 716 33
764 428 50
764 953 29
764 666 36
764 655 6
764 243 69
764 928 84
764 304 69
764 539 8
764 336 97
764 632 82
764 479 29
764 518 45
764 142 73
764 705 32
766 59 94
766 462 51
766 803 71
766 138 60
766 815 57
766 373 50
766 143 95
766 557 36
766 313 53
766 677 5
767 720 52
767 483 84
767 67 18
767 548 80
767 33 58
767 339 15
767 895 99
767 506 53
767 479 40
767 204 76
767 395 11
767 530 26
767 984 41
768 321 39
768 171 87
768 861 16
768 636 21
768 684 25
768 36 0
768 843 73
768 345 56
769 81 83
769 111 63
769 420 14
769 53 70
769 890 10
769 162 8
769 313 65
769 82 94
769 799 15
769 536 95
769 877 78
769 309 25
769 867 36
769 960 52
769 291 3
769 408 41
769 295 41
769 716 2
769 521 77
769 495 39
769 646 55
769 447 97
769 496 20
769 506 39
769 904 48
769 570 50
769 910 97
769 630 37
769 584 68
769 16 65
769 815 86
769 638 1
769 104 74
769 660 60
769 368 24
769 699 81
769 257 69
769 325 17
769 658 9
769 313 13
769 829 11
769 652 94
769 323 15
769 426 50
769 572 28
769 638 88
769 950 42
769 399 7
770 137 74
770 209 97
770 813 4
770 331 96
770 776 13
770 286 12
770 871 19
770 607 51
770 736 62
770 812 44
770 813 74
770 850 3
770 87 40
770 916 43
770 847 43
770 395 92
770 578 7
770 127 37
770 700 17
770 530 67
771 937 52
771 123 44
771 136 55
771 105 86
771 934 30
771 377 1
771 812 74
771 111 6
771 655 68
771 268 92
771 287 39
771 289 56
771 109 19
771 856 99
771 755 50
773 914 52
773 917 15
773 171 3
773 206 83
773 909 17
773 183 51
773 3 51
773 588 11
773 872 48
773 277 78
773 400 72
773 610 29
773 877 42
774 97 24
774 541 69
774 718 10
774 936 12
774 777 4
774 754 76
774 728 82
774 9 47
774 262 22
774 0 68
774 225 61
774 467 62
774 253 89
775 527 87
775 369 10
775 586 33
775 540 44
775 694 88
775 907 61
775 506 9
775 989 99
775 999 1
775 619 74
775 537 85
775 497 19
775 168 16
775 259 8
775 55 64
775 498 98
775 99 42
775 225 12
775 936 85
775 770 56
775 301 49
775 344 62
775 476 71
778 130 49
778 946 5
778 941 30
778 76 45
778 376 63
778 957 58
778 642 96
778 143 61
778 262 54
778 750 8
778 607 6
778 763 0
778 857 89
778 515 86
778 613 49
778 365 92
778 503 93
780 4 28
780 914 91
780 66 13
780 129 76
780 455 19
780 160 6
780 369 35
780 76 26
780 607 34
780 762 0
780 224 35
780 64 76
780 351 41
780 154 33
780 605 48
780 845 71
780 555 20
780 912 73
780 884 87
780 811 95
780 262 90
780 916 10
780 842 55
780 618 70
780 42 53
780 110 32
780 818 51
780 133 39
781 686 65
781 20 17
781 136 94
781 171 45
781 377 50
781 726 63
781 897 88
781 643 45
781 99 49
781 985 50
781 388 63
781 468 12
781 179 88
781 907 2
782 719 68
782 354 25
782 279 15
782 439 48
782 748 4
782 992 39
782 719 49
782 2 18
782 502 5
783 982 56
783 34 97
783 486 46
783 921 58
783 219 27
783 990 86
783 111 62
783 687 42
783 992 21
783 975 10
783 438 63
783 178 8
783 130 99
783 32 84
783 484 99
785 941 43
785 105 47
785 13 73
785 899 69
785 818 82
785 180 61
785 641 0
785 249 35
785 100 76
785 957 66
785 305 64
785 135 81
785 542 80
785 174 12
785 318 6
785 661 28
785 375 59
785 227 63
787 958 61
787 60 70
787 713 68
787 249 92
787 184 10
787 801 6
787 121 68
787 586 48
787 371 47
787 160 73
787 124 82
787 88 11
787 734 45
787 990 56
787 305 15
787 178 50
787 210 8
787 332 92
789 937 71
789 804 38
789 113 59
789 40 40
789 478 92
789 437 23
789 926 70
789 388 76
789 546 30
789 815 4
789 2 2
789 134 72
789 513 91
789 799 30
789 657 16
789 376 69
789 968 88
789 245 84
791 994 57
791 315 26
791 336 30
791 485 14
791 692 18
791 101 44
791 582 60
791 906 2
791 308 13
791 700 38
791 453 66
791 831 98
793 136 8
793 760 8
793 482 49
793 716 26
793 966 81
793 490 42
793 688 85
793 702 43
793 586 41
793 671 50
793 899 90
793 271 94
793 117 70
793 623 71
793 580 41
793 675 37
793 60 65
793 626 52
793 288 46
793 499 8
793 629 89
793 843 21
793 334 85
793 397 88
793 527 75
793 259 37
793 880 1
793 503 61
793 685 33
793 362 6
793 477 17
793 773 82
793 284 50
793 360 29
793 254 63
793 761 29
793 145 16
793 363 55
793 511 56
793 292 41
793 319 26
793 398 6
793 214 1
798 333 63
798 611 99
798 681 54
798 197 13
798 195 59
798 623 57
798 431 38
798 147 27
798 456 15
798 159 8
798 912 96
798 973 64
798 178 92
798 703 2
798 943 87
798 297 93
798 563 38
798 265 6
798 920 53
798 69 29
798 7 38
798 700 68
798 752 34
798 641 27
798 43 0
799 220 19
799 519 31
799 304 4
799 938 42
799 43 6
799 317 11
799 461 85
799 646 8
799 323 23
799 328 71
799 686 16
799 539 4
799 276 36
799 16 86
803 315 21
803 62 92
803 357 16
803 380 31
803 328 81
803 915 76
803 125 54
803 294 54
803 230 24
803 320 70
803 445 63
803 928 61
803 44 69
803 935 68
803 972 54
803 825 24
803 838 95
814 351 99
814 362 96
814 287 86
814 975 17
814 512 74
814 760 85
814 840 39
814 556 19
814 925 76
814 384 98
815 318 53
815 261 67
815 900 77
815 547 82
815 483 72
815 643 28
815 511 40
815 571 96
815 292 86
815 854 5
815 451 11
815 964 23
815 613 61
815 790 47
815 773 54
815 681 97
815 913 1
815 818 25
815 391 32
815 840 78
817 986 8
817 372 4
817 562 67
817 309 9
817 690 75
817 152 39
817 643 13
817 809 66
817 135 17
817 620 38
817 630 36
822 658 20
822 577 70
822 862 4
822 985 81
822 517 96
822 966 46
822 252 72
822 234 16
822 328 18
822 660 15
822 216 67
822 490 2
822 182 94
822 216 81
822 16 80
822 779 50
822 324 74
822 190 78
822 698 72
823 263 40
823 644 69
823 23 6
823 970 1
823 100 89
823 420 27
823 477 50
823 445 92
823 244 13
823 209 18
823 174 82
823 344 52
823 293 51
823 670 61
823 137 68
823 476 35
823 961 7
823 182 37
823 212 41
826 466 48
826 709 77
826 728 38
826 593 29
826 73 85
826 526 36
826 850 4
826 724 66
826 250 51
826 494 91
826 219 86
826 449 87
826 603 79
826 807 25
826 704 78
826 715 48
826 106 53
826 454 66
826 173 30
826 867 85
826 745 71
826 172 88
829 653 24
829 491 78
829 232 73
829 701 40
829 774 0
829 632 60
829 440 8
829 830 66
829 696 26
829 112 19
829 401 96
829 357 75
829 314 84
829 53 12
829 897 19
829 25 19
829 902 24
829 348 42
829 935 6
829 446 19
829 242 42
829 307 95
829 178 59
829 511 88
829 899 27
829 767 0
829 800 80
829 80 17
829 329 9
829 319 91
829 56 29
829 610 72
829 397 0
829 712 45
829 911 42
831 640 14
831 34 1
831 130 36
831 53 39
831 736 78
831 420 35
831 425 39
831 846 12
831 269 74
831 590 59
831 178 17
831 100 82
831 380 25
831 186 38
831 397 95
831 303 66
831 978 20
836 978 14
836 150 29
836 175 99
836 859 56
836 702 50
836 426 95
836 845 84
836 417 52
836 551 66
836 898 73
836 521 18
838 620 21
838 519 98
838 172 19
838 556 35
838 296 26
838 429 91
838 84 83
838 462 29
838 7 93
838 20 38
838 282 30
838 97 80
838 201 38
838 827 96
838 480 26
838 382 54
838 70 95
838 873 33
838 121 4
838 37 66
838 84 59
838 856 51
838 872 79
838 72 45
840 737 88
840 664 31
840 977 25
840 36 30
840 938 90
840 485 9
840 677 86
840 458 78
840 969 11
840 732 84
840 301 62
840 269 92
840 132 15
840 846 56
840 360 63
840 788 58
840 785 77
840 30 35
840 996 92
840 556 46
840 797 56
840 409 16
840 30 33
840 434 6
840 507 75
840 530 40
840 394 94
840 686 2
840 23 18
840 473 51
840 811 30
840 43 92
840 717 65
840 281 37
840 760 11
840 968 32
840 568 95
840 121 24
840 792 88
840 911 4
840 777 81
840 688 14
840 249 6
840 752 96
840 900 44
843 675 8
843 174 43
843 729 71
843 391 69
843 572 67
843 499 32
844 630 31
844 248 57
844 870 44
844 954 62
844 513 52
844 39 50
844 304 11
844 106 38
844 575 8
844 398 1
844 541 21
844 705 98
844 695 7
844 872 26
844 607 81
844 333 28
844 950 56
844 946 91
844 805 30
844 251 67
844 25 28
844 700 50
846 352 3
846 656 11
846 137 21
846 356 68
846 438 84
846 314 23
846 880 59
846 885 11
846 396 92
846 23 19
846 130 81
846 343 24
846 539 25
846 39 96
846 260 98
846 490 89
846 545 22
846 610 84
846 496 83
846 961 16
846 870 10
846 310 38
846 85 48
846 84 50
846 855 65
846 315 8
846 845 34
846 766 92
846 318 39
846 416 68
846 883 25
848 766 36
848 795 27
848 531 9
848 210 78
848 261 14
848 319 87
848 755 55
848 487 9
848 14 6
848 945 56
848 577 6
848 486 7
848 148 24
848 419 99
848 775 95
848 357 63
848 300 75
848 586 5
848 584 39
848 209 30
848 577 86
848 923 21
848 444 38
848 457 30
848 282 73
848 441 71
850 697 63
850 922 42
850 321 36
850 363 25
850 382 25
850 921 33
850 60 13
850 639 33
850 747 76
850 585 86
850 662 50
850 477 58
850 78 38
850 909 36
850 485 0
850 635 98
850 749 76
850 590 96
850 693 71
850 392 25
851 195 86
851 476 20
851 38 1
851 708 78
851 153 68
851 401 27
851 683 38
851 155 79
851 784 10
851 344 25
851 864 67
851 592 97
851 730 22
851 866 4
851 225 84
851 635 3
851 629 16
851 698 34
851 133 59
851 991 88
851 0 96
851 46 93
851 979 85
851 503 50
851 969 83
851 995 22
851 927 3
851 436 2
851 674 50
851 782 71
851 9 82
851 77 69
851 826 28
851 360 84
851 641 14
851 134 74
851 517 26
851 108 64
852 745 17
852 406 26
852 656 74
852 211 26
852 145 85
852 95 43
852 77 87
852 105 88
852 607 55
852 867 73
852 582 90
852 645 95
852 781 59
852 416 63
852 607 85
852 477 14
852 192 45
852 388 74
852 338 61
852 191 68
852 240 1
852 157 11
852 441 66
852 227 39
852 819 45
852 55 26
852 933 21
852 721 67
853 30 62
853 237 32
853 85 7
853 164 4
853 488 4
853 22 4
853 395 40
853 16 67
853 714 1
853 399 86
853 272 47
853 882 59
853 624 41
853 301 70
853 727 0
853 935 11
853 643 44
853 37 70
860 710 5
860 689 13
860 943 86
860 319 37
860 504 79
860 686 85
860 725 43
860 565 61
860 506 50
860 609 26
860 92 39
860 912 64
860 748 47
860 936 61
860 797 26
860 148 34
860 432 19
860 307 3
860 319 60
860 572 20
860 534 65
866 567 84
866 774 9
866 774 67
870 944 70
870 715 93
870 964 85
870 27 7
870 862 35
870 474 80
870 990 91
870 81 63
870 818 52
870 84 18
870 743 88
870 804 42
870 562 0
870 970 50
870 536 67
870 442 15
870 922 74
870 284 4
870 259 35
870 866 56
870 957 10
870 406 90
870 979 81
872 400 37
872 593 63
872 738 70
872 512 6
872 672 31
872 894 38
872 876 83
872 96 29
872 781 24
872 37 89
872 988 35
873 340 57
873 637 63
873 16 29
873 424 12
873 601 39
873 139 46
873 663 63
873 389 84
873 747 70
873 382 43
873 189 40
873 476 35
873 989 16
873 582 72
873 553 19
873 938 6
873 496 56
873 800 39
873 394 28
873 716 69
873 394 51
873 213 89
873 49 33
873 583 21
874 602 24
874 537 59
874 469 8
874 855 8
874 701 14
874 205 54
874 510 24
874 25 83
874 644 51
874 941 57
874 849 96
874 906 55
874 263 46
874 851 99
874 346 24
874 124 60
876 649 20
876 225 56
876 530 15
876 699 11
876 857 32
876 521 38
876 206 90
876 348 50
876 366 81
876 411 3
876 750 59
876 278 9
876 550 19
876 831 58
876 507 36
876 358 33
876 717 26
876 978 2
876 311 39
876 665 94
876 377 25
876 363 56
876 455 95
876 505 49
878 955 88
878 912 8
878 625 82
878 799 37
878 115 57
878 172 28
878 743 28
878 655 23
878 756 18
878 923 62
878 529 53
878 176 42
878 491 64
878 177 91
878 772 53
878 689 38
878 110 86
878 404 87
878 384 11
878 925 4
878 243 16
878 868 43
878 69 9
878 213 69
878 339 98
878 331 69
878 106 31
878 436 43
878 614 67
878 755 93
878 591 47
878 952 42
878 406 91
878 923 59
878 420 9
878 559 30
878 589 46
878 180 3
878 971 41
878 676 19
878 619 49
878 725 35
880 900 39
880 296 23
880 353 13
880 177 16
880 672 75
880 904 3
880 771 54
880 171 37
880 660 39
880 656 14
880 953 16
880 977 98
880 502 5
881 994 63
881 459 83
881 601 36
881 267 49
881 235 36
881 685 11
881 419 65
881 908 65
881 445 44
881 356 82
881 883 50
881 519 28
881 166 68
881 415 92
881 377 85
881 669 7
881 172 29
881 143 49
881 148 93
881 535 79
881 966 19
881 926 13
881 70 37
881 106 7
881 381 15
881 891 26
881 113 76
882 508 70
882 114 22
882 203 33
882 991 76
882 294 30
882 133 43
882 947 43
882 207 47
882 959 58
882 12 70
882 519 95
882 203 20
882 934 95
882 970 96
882 168 89
882 843 89
882 52 95
882 989 95
882 677 11
883 812 69
883 962 45
883 584 38
883 786 85
883 58 34
883 1 61
883 652 75
883 222 76
883 799 99
883 64 52
883 516 5
883 377 39
883 824 4
883 343 26
883 682 21
883 626 82
883 158 15
883 705 50
883 206 50
883 286 15
884 255 46
884 883 67
884 103 83
884 443 26
884 146 91
884 525 70
884 557 83
884 130 24
884 439 50
884 623 24
884 267 97
884 236 44
884 923 99
884 446 45
884 233 32
884 923 23
884 107 36
884 230 1
884 63 12
884 433 72
884 440 35
884 689 3
884 221 17
884 747 52
884 432 53
884 204 90
884 34 77
884 441 25
884 860 80
884 740 43
884 398 27
886 726 37
886 683 42
886 67 61
886 970 44
886 248 27
886 648 84
886 250 8
886 364 28
886 389 9
886 619 4
886 871 15
886 639 52
886 67 88
886 179 32
886 101 13
886 60 87
886 286 69
886 561 90
886 264 33
886 132 89
886 624 8
886 869 97
886 68 70
886 259 80
886 469 82
886 356 81
886 534 3
886 79 65
886 608 81
886 532 80
886 436 19
886 254 87
888 229 28
888 406 6
888 943 93
888 344 5
888 362 41
888 772 27
888 317 3
888 837 8
888 923 14
888 292 18
888 567 66
888 100 49
888 876 49
888 92 94
888 47 34
888 183 27
888 896 51
888 681 58
888 800 73
888 715 66
888 718 64
888 947 20
888 673 62
888 593 7
888 999 49
888 633 34
888 721 35
888 945 26
888 678 15
888 246 26
890 173 2
890 565 40
890 432 50
890 406 61
890 313 52
890 193 37
890 105 10
890 617 60
890 507 37
890 422 99
890 531 75
890 979 24
890 805 54
890 139 9
890 912 59
890 832 68
890 311 30
890 75 84
890 915 94
890 792 42
890 582 58
890 837 43
890 208 30
890 886 73
890 287 29
890 58 65
890 48 92
890 84 64
890 875 64
891 51 81
891 743 89
891 474 26
891 505 36
891 123 49
891 856 24
891 796 48
891 51 87
891 214 99
891 255 73
891 142 39
891 676 84
891 912 28
891 79 98
891 879 76
891 806 48
891 786 15
891 239 26
891 149 76
891 960 43
893 606 21
893 941 62
893 498 85
893 582 4
893 287 42
893 375 63
893 744 53
893 82 97
893 390 31
893 301 3
893 290 5
893 9 80
893 513 58
893 330 85
893 887 59
893 786 66
893 0 54
893 210 53
896 856 85
896 2 76
896 41 4
896 988 45
896 266 7
896 33 42
896 724 65
896 343 16
896 848 16
896 129 73
896 65 99
896 7 8
896 253 47
896 571 44
896 80 12
896 380 26
896 363 80
896 558 53
896 753 21
896 971 74
896 381 23
896 673 92
896 415 3
896 912 57
896 494 9
896 122 96
896 44 88
896 600 96
896 327 6
896 907 49
896 115 76
896 513 91
896 559 60
896 248 81
896 964 36
896 820 28
896 321 31
896 450 14
896 605 82
896 15 76
896 715 5
896 166 39
896 90 99
896 867 4
896 799 93
898 869 84
898 391 79
898 310 23
898 827 61
898 102 77
898 497 90
898 769 72
898 193 99
898 514 29
898 732 56
898 227 15
898 569 5
898 604 30
898 128 95
898 129 79
898 89 83
898 733 86
898 243 66
898 467 16
898 513 51
898 783 29
898 821 40
898 780 58
898 668 1
898 588 7
898 200 2
898 625 67
898 541 27
898 506 53
898 230 15
898 871 7
898 14 48
900 425 83
900 788 37
900 338 20
900 284 59
900 917 50
900 25 29
900 950 73
900 269 11
900 62 31
900 769 40
900 544 65
900 995 79
900 830 64
900 871 61
900 646 46
900 354 79
900 219 51
900 378 13
900 372 90
900 509 33
900 198 98
900 608 16
900 812 22
900 840 6
900 476 91
900 769 93
900 303 57
900 293 96
900 696 48
901 963 5
901 146 73
901 596 20
901 578 61
901 374 46
901 514 72
901 649 38
901 597 74
901 510 31
901 531 41
901 695 30
901 895 14
901 232 23
901 329 23
901 646 66
903 246 92
903 284 25
903 580 98
903 501 75
903 283 35
903 140 51
903 781 39
903 924 80
903 119 4
903 306 34
903 381 30
903 70 3
903 66 31
903 824 79
903 84 20
903 721 60
904 412 21
904 509 4
904 339 56
904 547 4
904 465 15
904 366 19
904 119 43
904 854 77
904 718 35
904 542 31
904 562 89
904 755 26
904 39 29
907 891 56
907 130 98
907 970 62
907 716 79
907 793 82
907 199 94
907 176 67
907 730 42
907 495 59
907 49 20
907 180 33
907 33 4
907 238 8
907 903 13
907 94 84
911 812 7
911 446 54
911 979 81
911 77 69
911 667 68
911 557 96
911 956 86
911 17 57
911 101 33
911 678 69
911 622 99
913 403 24
913 998 81
913 392 45
913 105 84
913 662 53
913 840 84
913 526 59
913 761 75
913 881 92
913 315 28
913 371 70
913 149 0
913 817 35
913 180 78
913 749 21
913 473 96
913 161 70
913 667 18
913 489 75
913 336 89
913 356 99
913 594 57
913 780 51
913 735 81
913 258 82
913 573 56
913 861 22
913 560 7
913 220 23
913 324 94
913 117 78
913 196 21
913 745 21
913 793 34
913 460 20
913 931 86
915 865 65
915 50 23
915 135 46
915 442 83
915 541 93
915 696 51
915 375 1
915 153 13
915 588 42
915 242 3
915 238 87
915 864 51
915 228 14
915 793 14
915 343 65
915 56 95
915 653 95
915 995 8
915 832 93
915 282 31
918 820 83
918 83 23
918 400 51
918 12 53
918 626 94
918 345 95
918 483 68
918 334 87
918 879 75
918 575 4
918 937 4
918 365 69
918 605 7
918 184 50
918 785 94
918 708 32
918 438 85
918 889 22
918 759 88
918 491 96
918 930 78
918 866 76
918 557 95
918 147 38
918 484 78
918 602 66
918 134 42
918 484 33
918 399 76
920 930 50
920 135 82
920 827 2
922 80 97
922 235 59
922 330 86
922 855 16
922 772 93
922 468 99
922 642 30
922 267 13
922 537 38
922 539 50
922 385 66
922 848 79
922 310 31
922 547 81
922 545 87
922 25 20
922 617 60
922 604 30
922 362 87
922 266 62
924 511 9
924 850 25
924 79 5
924 553 20
924 250 52
924 98 63
924 628 57
924 163 27
924 896 34
924 824 18
924 996 58
924 840 91
924 56 65
924 845 44
924 534 22
924 502 18
924 896 91
924 399 25
924 599 59
924 570 49
924 729 35
925 175 1
925 826 82
925 95 25
925 225 88
925 719 23
925 967 22
925 789 14
925 17 41
925 589 96
925 40 59
925 582 38
925 643 85
925 883 56
925 265 13
925 252 68
926 104 4
926 262 30
926 841 88
926 738 47
926 150 41
926 55 57
926 215 40
926 896 52
926 101 6
926 766 32
926 390 8
926 460 72
929 923 98
929 454 48
929 205 77
929 255 93
929 136 9
929 795 75
929 289 19
929 757 87
929 503 8
929 785 75
929 268 78
929 445 92
929 503 24
929 424 55
929 485 51
929 569 97
929 306 47
929 852 87
929 129 99
929 154 15
929 822 40
929 305 4
931 278 48
931 236 30
931 990 37
931 596 95
931 713 96
931 73 54
931 975 63
931 462 63
931 521 92
931 454 1
931 730 39
931 313 56
931 595 5
931 26 60
931 546 61
931 949 53
934 915 90
934 231 67
934 666 11
934 607 88
934 686 67
934 861 76
934 907 97
934 578 61
934 751 6
934 738 38
934 701 25
934 293 33
934 453 83
934 907 55
934 689 50
934 780 50
934 426 10
934 626 65
935 545 20
935 456 86
935 246 32
935 498 60
935 140 43
935 58 46
935 535 71
935 495 32
935 618 66
935 913 29
935 185 27
935 353 37
935 697 63
935 729 59
935 708 45
935 527 1
935 185 83
935 468 13
935 987 80
935 545 21
935 595 98
935 739 37
935 748 45
935 798 36
935 546 81
937 85 68
937 239 83
937 498 37
937 295 30
937 130 11
937 835 96
938 500 40
938 93 72
938 635 57
938 548 22
938 187 92
938 516 68
938 313 48
938 190 8
940 708 36
940 962 3
940 723 85
940 736 33
940 100 38
940 199 43
940 178 25
940 235 23
940 963 63
940 978 51
940 991 26
940 330 65
940 137 31
940 703 73
940 341 33
940 109 65
940 523 85
940 426 89
940 490 17
940 199 22
940 172 47
940 582 90
940 804 49
940 980 26
940 690 75
940 678 35
940 954 39
940 635 84
940 554 14
940 857 88
940 670 1
940 683 24
941 185 26
941 415 44
941 122 29
941 423 84
941 668 34
941 301 27
941 753 70
941 552 0
941 951 82
941 64 90
941 952 72
942 584 62
942 936 46
942 85 83
942 318 51
942 909 13
942 70 15
942 970 72
942 766 78
942 150 92
942 487 51
942 231 12
942 464 95
942 200 70
942 448 37
942 190 32
942 564 55
942 956 53
942 484 72
942 706 26
942 599 84
942 478 77
942 890 99
942 715 63
942 64 32
942 724 67
942 200 5
942 282 8
942 859 45
942 862 16
942 843 13
942 435 75
942 575 17
942 820 48
942 943 33
942 198 76
942 931 16
943 689 23
943 153 26
943 372 87
943 257 22
943 725 62
946 548 45
946 815 23
946 217 48
946 527 13
946 681 47
946 433 76
946 939 16
946 232 9
946 483 26
946 316 65
946 749 23
946 923 20
946 387 13
946 636 78
946 647 24
946 418 76
946 186 39
946 904 4
946 285 52
946 134 48
946 305 52
946 420 15
946 216 76
946 577 76
946 153 48
946 571 97
946 577 78
946 662 69
946 50 95
946 526 7
946 243 4
946 970 37
946 28 29
946 315 16
946 825 11
946 709 5
946 543 44
946 18 99
946 548 73
946 50 56
946 567 9
946 992 13
946 871 23
946 736 61
946 618 45
946 461 14
948 821 25
948 718 52
948 297 18
948 990 60
948 146 81
948 314 97
948 460 28
948 407 33
948 528 83
948 350 11
948 788 96
948 24 93
949 32 61
949 118 7
949 567 37
949 757 10
949 408 51
949 636 73
954 74 62
954 287 36
954 407 41
954 727 13
954 985 57
954 718 30
954 343 23
954 900 71
954 314 18
954 699 30
954 602 47
954 699 1
955 943 98
955 919 72
955 913 32
955 752 41
955 818 88
955 245 54
955 658 51
955 995 11
955 305 19
955 59 16
955 673 29
955 579 47
955 402 41
955 793 33
955 131 97
955 337 85
955 692 40
955 842 21
955 484 50
955 908 98
955 474 39
955 289 80
955 531 71
955 341 41
955 540 68
955 239 10
957 528 41
957 205 64
957 895 40
957 250 32
957 244 10
957 109 41
957 746 19
957 421 77
957 365 96
957 738 87
957 823 48
957 233 28
957 466 14
957 950 39
957 728 77
957 527 41
957 650 77
957 668 33
958 378 11
958 471 93
958 677 69
958 180 2
958 236 67
958 605 64
958 924 41
958 907 6
958 912 69
958 253 91
958 993 35
958 867 1
958 750 28
958 972 17
958 693 57
958 145 60
958 824 20
960 173 46
960 98 95
960 511 24
960 637 53
960 633 82
960 188 18
960 722 48
960 885 61
960 178 69
960 750 73
960 543 34
960 569 20
960 850 39
960 161 96
960 690 22
960 768 46
960 933 10
960 929 7
961 341 26
965 640 1
965 896 75
965 979 94
965 85 31
965 512 31
965 418 49
965 912 68
965 448 38
965 452 47
965 812 52
965 784 36
965 847 6
965 813 82
965 111 75
965 356 96
965 783 25
965 727 73
965 614 8
965 218 25
965 691 77
965 899 80
965 305 58
965 406 86
965 623 44
965 702 53
965 830 62
965 816 77
965 620 3
965 686 60
965 708 31
965 419 34
965 773 62
965 145 88
965 3 99
965 88 61
965 526 29
965 109 61
965 948 31
965 934 37
967 349 36
967 382 95
967 80 88
967 73 94
967 971 12
967 229 94
967 567 30
967 765 39
967 167 34
967 755 38
969 442 28
969 329 37
969 112 89
969 484 83
969 489 98
969 951 14
969 513 73
969 549 64
969 425 0
969 720 32
969 690 48
969 709 44
969 277 72
969 563 8
969 554 52
969 505 52
970 638 75
970 516 82
970 319 3
970 815 99
970 423 97
970 437 8
970 673 54
970 435 34
970 932 39
970 132 91
970 429 66
970 738 44
970 900 52
970 774 82
974 881 51
974 871 26
974 645 94
974 512 95
974 324 38
974 844 70
974 326 8
974 922 77
974 914 30
974 495 82
974 86 98
974 672 1
974 258 77
974 520 60
974 525 85
974 1 7
974 552 97
974 59 65
974 820 1
974 831 80
974 359 86
974 470 57
974 450 34
974 752 83
974 360 62
974 86 86
974 549 29
975 732 59
975 369 15
975 691 53
975 465 59
975 914 77
975 887 95
975 510 80
975 261 55
975 344 27
975 752 8
975 67 66
975 873 55
975 384 83
975 394 17
975 801 6
975 724 18
975 562 0
975 8 33
975 982 41
975 458 46
975 718 64
975 959 75
975 357 52
975 268 69
975 243 43
975 455 42
975 923 54
975 788 17
976 330 86
976 353 71
976 237 77
976 985 64
976 653 89
976 573 11
976 373 97
976 850 68
976 857 95
976 255 0
976 404 48
976 892 73
976 819 43
976 817 91
976 2 85
976 210 21
976 819 73
976 612 56
976 617 78
976 5 29
976 428 94
976 819 61
976 488 36
976 534 28
976 795 85
977 287 13
977 11 88
977 37 2
977 139 97
977 823 94
977 670 45
977 925 40
977 77 7
977 997 67
977 512 77
977 26 33
977 918 15
977 466 72
977 248 91
977 788 72
977 776 21
978 407 35
978 826 21
978 365 6
978 274 53
978 528 53
978 722 71
978 1 49
978 561 68
978 488 14
978 743 35
978 779 31
978 477 93
978 24 98
978 484 29
978 370 50
978 538 71
978 772 94
978 57 1
978 126 75
978 25 58
980 524 37
980 569 75
980 189 35
980 722 80
980 676 48
980 139 19
980 20 28
980 333 6
980 370 72
983 241 45
983 797 7
983 639 26
983 756 14
983 739 73
983 944 29
983 835 78
983 970 15
983 449 91
983 438 44
983 123 52
983 808 0
983 768 57
983 356 38
983 726 31
983 435 35
983 822 50
983 12 41
983 642 40
986 471 4
986 116 80
986 319 46
986 823 16
986 92 69
986 111 97
986 123 54
986 883 54
986 260 69
986 783 23
986 766 86
986 564 0
986 182 15
986 137 33
986 3 42
986 849 47
986 862 3
986 492 60
986 878 50
986 718 83
986 774 77
986 487 26
986 629 18
986 586 46
986 5 42
986 133 9
986 20 77
986 819 85
986 193 37
986 987 93
986 576 19
986 259 91
986 605 50
987 709 59
987 102 3
987 97 65
987 959 69
987 662 39
987 312 9
987 960 12
987 924 98
987 574 50
987 388 42
987 136 89
987 0 93
987 496 27
987 202 35
987 265 29
987 213 34
987 344 11
987 404 27
987 144 95
987 476 47
987 219 88
990 486 89
990 462 64
990 754 90
990 17 60
990 466 29
990 591 6
990 685 11
990 463 85
990 357 21
990 180 25
990 166 67
990 796 4
990 789 24
990 819 78
990 985 27
990 369 30
990 945 58
991 762 61
991 924 99
991 965 2
991 858 79
991 193 58
991 829 80
991 546 7
991 337 80
991 142 28
991 491 34
991 768 58
991 402 59
991 560 1
991 247 65
992 555 73
992 500 45
994 234 31
994 714 32
994 392 26
994 742 75
994 134 44
995 938 93
995 307 2
995 644 65
995 382 29
995 12 90
995 800 7
995 891 18
995 292 24
995 976 48
995 78 96
995 162 38
995 418 31
995 921 18
995 781 92
995 245 3
995 280 59
995 319 64
995 842 14
995 655 72
995 491 76
995 561 54
995 805 57
995 762 6
995 40 2
996 592 7
996 151 66
996 965 45
996 540 29
996 60 84
996 112 73
996 599 38
996 587 60
996 326 72
996 271 2
996 350 1
996 93 70
996 97 34
996 557 78
996 11 9
996 380 11
996 955 8
996 704 14
996 509 59
996 95 53
996 571 47
997 727 90
997 184 57
997 959 17
997 646 18
997 411 74
