0 20 9
0 298 92
0 204 36
0 8 94
0 24 16
0 66 78
0 183 55
0 38 99
0 212 5
0 6 21
0 250 32
0 97 59
0 72 19
0 233 87
0 199 71
0 211 30
0 256 60
0 272 34
0 186 48
0 34 24
0 84 88
2 293 52
2 243 80
2 68 11
2 161 77
2 215 10
2 256 5
2 195 49
2 203 76
2 0 57
3 275 64
3 55 19
3 145 23
3 256 22
3 95 74
3 23 35
3 280 69
3 47 76
3 122 83
3 265 1
3 115 40
3 165 34
3 132 85
3 159 18
3 110 27
3 87 68
3 223 44
3 293 8
3 259 84
3 207 36
6 116 77
6 193 97
6 204 7
6 194 70
6 127 29
6 127 13
6 171 50
6 103 57
6 63 70
6 280 26
6 49 81
6 215 33
6 18 77
6 252 76
6 200 18
6 234 21
6 213 56
6 62 55
6 60 82
6 216 94
6 148 88
6 119 58
6 262 0
6 40 81
6 229 6
6 112 16
6 268 11
6 160 53
6 120 60
6 218 75
6 15 46
6 264 84
6 130 41
10 175 27
10 283 53
10 66 92
10 169 72
10 126 88
10 247 22
10 170 38
10 263 67
10 219 29
10 75 31
10 140 71
10 236 20
10 197 38
10 20 56
10 184 21
10 227 95
10 115 53
10 100 81
10 60 16
10 93 65
10 44 69
20 27 7
20 53 63
22 123 95
22 186 17
22 145 38
22 119 93
22 198 77
22 285 24
22 207 61
22 28 97
22 52 87
22 24 6
22 186 61
22 166 31
22 95 0
22 49 21
22 233 42
22 42 75
22 230 19
22 230 46
22 238 18
22 244 84
22 282 33
22 120 64
23 262 52
23 113 9
23 229 49
23 132 21
23 23 82
23 25 89
23 267 20
23 148 30
23 116 95
23 31 91
23 250 18
23 94 28
23 54 37
23 222 57
23 138 49
23 146 42
23 285 81
24 277 98
24 255 89
24 253 58
25 179 90
25 208 49
25 189 22
25 243 94
25 218 51
25 82 13
25 70 20
27 161 57
27 242 49
27 179 46
27 82 76
27 240 26
27 90 51
27 141 18
27 181 65
27 22 31
27 262 11
27 220 65
27 23 5
27 66 15
27 266 28
27 214 95
27 151 46
27 27 9
27 265 70
28 270 31
28 173 67
28 198 50
28 55 14
28 72 55
28 273 79
28 209 39
28 239 14
28 91 53
28 92 63
28 149 89
28 180 43
28 84 4
28 4 66
28 142 63
28 254 39
28 207 73
28 22 37
29 296 77
29 33 72
29 169 1
29 222 38
29 137 96
29 12 98
29 292 10
29 54 89
29 40 60
29 160 33
29 154 74
29 99 25
29 183 87
29 98 32
29 115 86
29 232 32
29 239 5
29 6 94
29 192 81
29 29 30
29 222 75
29 172 11
29 52 80
29 123 37
29 143 95
29 168 48
29 208 12
29 156 83
29 265 82
30 38 82
30 205 54
30 231 25
30 95 23
30 117 56
38 174 96
38 9 1
38 148 52
38 238 68
38 259 32
38 14 29
38 48 34
38 173 76
39 233 75
39 112 58
39 194 17
39 2 61
39 267 48
39 186 92
39 287 49
39 188 86
39 199 91
39 47 2
39 180 74
39 188 91
40 233 30
40 208 9
40 160 13
40 7 2
40 249 26
40 189 95
40 176 68
40 34 22
40 261 10
40 253 64
40 131 77
40 25 25
40 115 55
40 189 1
40 195 85
40 136 95
40 85 25
40 275 40
40 188 32
40 43 22
40 100 12
40 53 78
40 238 71
40 103 40
40 250 82
42 226 38
42 59 96
42 40 30
42 37 22
42 293 77
42 257 80
42 133 88
42 207 23
42 260 27
42 147 85
42 224 49
42 57 27
42 214 50
42 251 30
42 181 42
42 71 94
42 193 52
42 114 30
42 255 16
42 223 78
42 82 58
43 51 50
43 32 63
43 33 36
43 144 88
43 59 84
43 12 99
43 11 26
43 117 69
43 251 13
43 147 41
43 26 14
43 198 6
43 172 38
43 7 24
43 253 86
43 107 17
43 52 40
43 109 98
47 129 27
47 90 19
47 62 19
47 89 76
47 101 60
47 240 29
47 154 76
47 165 2
47 72 17
47 162 4
47 193 16
47 156 29
47 71 18
47 82 51
47 38 49
47 58 59
47 102 29
47 189 87
47 0 89
47 42 39
47 28 84
47 42 12
47 177 91
47 286 82
47 160 27
47 254 59
47 252 85
47 2 45
47 181 76
47 224 23
47 13 46
47 156 13
47 189 38
47 43 92
47 97 32
47 32 56
47 30 61
47 186 26
47 152 17
52 234 95
52 71 1
52 113 41
52 218 7
52 155 18
52 178 72
52 38 28
54 181 92
54 77 15
54 126 74
54 161 6
54 289 84
54 164 86
54 249 56
54 162 14
54 79 59
54 262 22
54 206 33
54 292 83
54 45 80
54 211 32
54 268 85
54 13 19
54 93 65
54 22 42
54 43 27
54 136 7
54 117 41
54 296 42
54 217 20
54 79 6
54 158 0
54 193 38
54 227 36
54 156 77
54 16 32
54 84 11
54 14 25
54 149 75
54 275 62
54 244 64
54 134 29
54 7 58
54 174 12
54 92 84
54 10 45
54 1 14
54 185 59
54 254 63
54 113 35
54 62 90
54 134 73
54 289 63
55 186 6
55 232 51
55 138 35
55 202 84
55 187 22
55 171 93
55 247 6
55 143 85
55 215 82
55 185 59
55 194 7
55 39 7
55 15 77
55 163 38
55 282 98
55 22 75
55 218 98
55 125 7
55 99 22
55 276 45
55 205 85
55 248 97
55 194 84
55 21 3
55 191 28
55 295 99
55 250 82
55 137 13
55 132 47
55 215 29
55 259 59
55 234 23
55 40 35
55 236 39
55 236 68
55 282 49
55 133 15
55 133 91
55 54 82
56 178 54
56 116 6
56 91 19
56 64 74
56 177 58
56 51 91
56 294 46
56 252 27
56 52 93
56 252 53
56 5 59
56 97 31
56 253 16
56 261 37
56 274 83
56 92 41
56 65 66
56 213 72
56 138 44
56 273 69
56 61 86
56 170 76
56 292 78
56 91 49
56 271 8
56 124 61
56 281 35
56 209 32
56 81 14
56 188 65
56 188 83
56 137 24
56 92 25
57 173 64
57 242 34
57 162 86
57 55 58
57 36 41
57 26 94
57 2 46
57 175 86
57 284 95
57 131 49
57 258 79
57 4 60
57 22 42
57 296 67
57 143 57
57 145 88
57 107 94
61 277 60
61 232 77
61 243 2
61 166 94
61 70 12
61 283 93
61 215 28
61 51 97
61 63 77
61 120 70
61 270 31
61 171 58
61 69 20
61 180 70
61 39 68
61 57 85
61 129 97
61 155 2
61 247 91
61 7 8
61 97 85
61 102 73
61 287 15
61 156 29
61 30 42
61 193 32
61 165 47
61 221 85
61 193 15
61 6 84
61 194 82
61 263 34
61 260 35
61 144 83
61 272 58
61 143 44
61 200 43
61 113 10
61 292 78
61 285 9
61 61 35
61 11 89
61 163 82
61 281 21
61 249 4
61 222 89
61 169 23
61 140 40
61 249 89
61 199 0
62 270 63
62 85 47
62 282 28
62 183 34
62 67 18
62 124 56
62 22 10
62 103 33
62 1 81
62 7 46
62 151 91
62 230 52
62 282 14
62 137 49
62 40 41
62 79 9
62 129 59
62 148 50
62 120 47
62 16 82
63 157 40
63 280 1
63 261 43
63 206 94
63 282 77
63 29 25
63 174 69
63 97 52
63 0 61
63 180 98
63 269 66
63 93 40
63 15 85
63 256 44
63 159 63
63 128 16
63 62 55
63 49 35
63 220 42
63 101 39
63 132 56
63 198 45
63 89 34
63 193 12
63 179 20
63 39 31
63 120 4
63 262 33
63 227 75
63 115 96
63 139 13
63 144 83
64 156 99
64 59 16
64 212 91
64 235 80
64 162 8
64 159 33
64 241 41
64 85 25
64 248 46
64 63 21
64 158 57
64 281 86
64 111 91
64 4 99
64 134 60
64 249 66
64 179 70
64 171 14
64 271 0
64 247 23
64 113 23
64 88 37
64 115 76
64 51 97
64 267 57
64 98 22
64 155 4
64 23 56
64 81 1
64 113 89
64 235 99
64 229 58
64 108 24
64 288 96
64 274 79
64 75 6
64 190 27
64 123 64
64 52 40
64 235 75
66 278 85
66 10 11
66 212 92
66 223 33
66 113 27
66 86 70
66 25 51
66 260 10
66 7 24
66 133 95
66 290 87
66 29 13
66 265 39
66 36 55
66 116 35
66 284 11
66 4 12
66 16 74
67 223 87
67 273 40
67 24 46
67 82 34
67 120 34
67 293 0
67 138 14
67 114 13
67 244 13
67 276 82
67 37 69
67 26 59
67 228 88
67 152 29
67 297 30
67 137 94
67 182 64
67 63 40
67 129 98
67 294 47
67 224 71
67 73 53
67 160 74
67 229 88
67 109 0
67 125 63
67 225 75
67 0 3
67 57 76
67 32 63
67 130 29
67 226 29
70 35 63
70 126 52
70 154 49
70 292 37
70 297 91
70 51 2
70 78 30
70 39 40
70 24 30
70 242 1
70 224 27
70 215 3
70 131 68
70 59 48
70 76 39
70 6 41
70 292 96
70 112 44
70 110 59
70 264 59
70 220 90
70 58 86
70 88 75
70 176 20
70 101 76
70 47 39
71 19 27
71 265 27
71 52 55
71 218 79
71 262 39
71 56 97
71 146 6
71 134 95
71 54 40
71 194 47
71 282 3
71 164 16
71 238 9
71 267 64
71 38 19
71 6 91
71 27 44
71 283 19
71 183 10
71 162 22
71 30 47
71 77 27
71 135 21
71 132 73
71 38 99
71 294 56
71 194 3
71 100 91
71 295 33
72 193 79
72 246 28
72 276 35
72 257 90
72 5 18
72 38 59
72 289 41
72 132 87
72 132 96
72 205 85
72 67 95
72 82 72
72 79 38
72 154 49
72 212 53
72 179 17
72 87 28
72 283 27
72 212 40
72 140 14
72 292 55
72 77 36
72 24 6
73 192 30
73 238 13
73 287 9
73 117 66
73 243 58
73 151 88
73 184 61
73 35 34
73 93 24
73 63 21
73 21 20
73 64 57
73 198 61
73 142 12
73 195 85
73 119 16
73 27 6
73 66 75
73 125 35
73 33 61
73 229 91
73 125 60
73 260 45
73 268 68
73 115 53
73 101 26
73 20 47
73 63 97
73 275 20
73 141 9
73 23 32
73 98 6
73 65 91
73 41 80
73 129 45
73 238 12
73 168 56
77 106 85
77 63 76
77 24 15
77 120 9
77 142 63
77 193 33
77 265 46
77 203 32
77 85 58
77 175 62
77 93 37
77 92 39
77 131 8
77 270 90
77 238 90
77 36 33
77 175 7
77 64 21
77 134 74
77 80 1
77 290 64
77 279 83
77 176 62
77 195 78
77 260 56
77 201 80
77 224 8
77 80 33
77 136 26
77 118 15
77 294 70
77 211 86
77 101 94
77 222 0
77 173 37
77 92 96
77 124 47
77 86 85
77 187 34
77 251 73
77 115 25
77 51 98
77 295 55
77 235 47
77 14 3
77 64 44
77 180 99
82 145 15
82 39 39
82 41 44
82 178 51
82 166 42
82 298 2
82 81 53
82 165 93
82 226 50
82 165 85
82 290 11
82 150 97
82 263 2
82 290 13
82 222 15
82 190 84
82 53 83
82 137 14
82 161 22
82 258 99
82 141 97
82 204 75
82 264 19
82 284 89
82 247 41
82 269 25
82 202 81
82 192 88
84 259 3
84 295 83
84 53 26
84 236 82
84 114 23
84 57 22
84 242 98
84 292 28
84 129 56
84 155 88
84 69 82
84 140 61
84 294 55
87 74 6
87 10 93
87 59 26
87 206 58
87 155 72
87 92 67
87 261 83
87 214 78
87 234 39
87 161 11
87 126 3
87 167 0
87 174 59
88 134 53
88 138 35
88 96 58
88 249 96
88 123 14
88 200 94
88 182 46
88 217 45
88 224 39
91 274 29
91 57 26
91 54 70
91 186 85
91 133 4
91 76 55
91 56 43
91 245 95
91 132 47
91 202 95
91 66 24
91 127 83
91 298 37
91 180 77
92 88 93
92 259 17
92 164 41
92 19 94
92 42 30
92 285 14
92 128 31
92 198 60
92 224 24
92 207 20
92 287 30
92 196 80
92 22 71
92 170 89
92 225 88
92 75 4
92 132 8
92 97 55
92 210 14
92 218 70
92 240 31
92 218 27
92 129 26
92 132 54
92 299 85
92 211 10
92 273 79
92 95 40
92 116 56
92 204 73
92 169 64
92 254 50
92 192 4
92 146 96
92 43 7
92 6 34
93 79 44
93 147 91
93 16 94
93 77 85
93 31 97
94 142 45
94 68 62
94 202 41
94 90 14
94 17 79
94 258 66
94 134 1
94 22 0
94 4 76
94 16 92
94 254 52
94 271 66
94 260 41
94 187 62
94 28 74
94 278 35
94 65 30
94 77 52
94 32 34
94 75 99
94 227 55
94 130 21
94 262 92
94 211 75
94 182 27
94 286 47
94 182 57
94 27 46
94 162 90
94 42 53
94 82 69
94 62 70
94 37 66
94 235 45
96 273 53
96 98 50
96 151 9
96 70 72
96 166 63
96 67 72
96 160 36
96 146 21
96 214 10
96 162 51
96 285 90
96 131 69
96 8 1
96 239 38
96 294 55
96 81 74
96 117 60
96 10 95
96 88 42
96 194 4
96 70 15
97 115 97
98 176 35
98 17 52
98 239 69
98 30 68
98 205 70
98 191 91
98 217 80
98 293 88
98 106 44
98 47 21
98 174 31
98 191 4
98 7 77
98 222 39
99 198 0
99 1 3
99 280 72
99 211 24
99 122 7
99 91 54
99 298 33
99 135 61
99 42 32
99 105 31
99 281 74
100 250 50
100 64 70
100 66 86
100 19 76
100 282 37
100 5 37
100 258 35
100 19 48
100 144 67
100 108 37
100 123 89
100 201 19
100 223 28
102 22 26
102 232 70
102 230 82
102 243 93
102 186 15
102 154 77
102 173 97
102 160 30
102 283 57
102 135 60
102 208 97
102 155 22
102 158 27
102 227 59
102 192 32
102 35 50
102 6 90
102 68 45
102 197 41
102 87 86
103 64 14
103 41 21
103 102 74
103 12 37
103 294 31
103 253 36
103 222 66
103 247 67
103 250 8
103 214 61
103 62 51
103 128 99
103 166 70
103 202 33
103 231 42
103 275 32
103 122 53
103 71 36
103 244 19
103 129 46
103 27 88
103 137 52
103 237 29
103 107 63
103 36 80
103 19 2
103 173 23
103 277 4
104 64 28
104 196 32
104 272 71
104 258 86
104 209 0
104 51 72
104 220 20
104 64 77
104 206 11
104 261 63
104 279 99
104 58 95
104 27 86
104 228 99
104 187 13
104 28 85
104 190 19
104 13 27
104 140 12
104 159 65
104 269 82
104 141 36
104 87 48
104 150 0
104 13 97
104 41 42
104 252 98
104 20 29
106 75 30
106 255 94
106 92 53
106 120 9
106 110 2
106 182 98
106 105 69
106 79 0
106 299 37
106 166 26
106 107 23
106 85 85
106 271 71
106 175 66
106 119 91
106 229 21
106 294 89
106 140 44
106 28 52
109 255 6
109 295 85
109 167 73
109 204 44
109 24 72
109 90 36
109 208 2
110 139 83
110 104 84
110 62 37
110 199 35
110 124 12
110 63 95
110 4 0
110 211 21
110 223 65
110 264 9
110 85 37
110 122 8
110 211 40
110 161 95
111 295 5
111 277 17
111 149 60
111 233 32
111 283 65
111 234 44
111 153 3
111 228 14
111 55 63
111 277 7
111 245 74
111 297 8
112 216 35
112 48 54
112 60 8
112 173 85
112 82 14
112 109 43
112 157 33
112 70 65
112 155 99
112 45 77
112 249 7
112 29 60
112 262 21
112 113 13
112 296 35
112 70 51
112 168 9
112 201 55
112 97 67
112 135 7
112 295 27
112 237 39
112 141 31
112 63 9
112 46 93
112 185 47
112 18 38
112 219 66
112 160 51
112 19 74
112 120 66
112 101 82
112 82 91
112 1 50
112 285 76
112 134 4
112 128 86
112 225 42
112 230 40
112 99 90
112 33 82
112 264 59
112 35 11
112 258 20
112 265 87
113 58 62
113 226 95
113 288 3
113 292 24
113 117 38
113 86 73
113 116 93
113 5 75
113 275 20
113 109 17
113 259 76
113 82 60
113 130 65
113 125 54
113 31 24
113 25 59
113 49 23
113 283 66
113 235 57
113 71 52
113 163 55
113 119 25
113 208 93
113 151 38
113 251 15
113 48 12
113 101 96
113 97 66
113 202 45
113 166 13
114 134 16
114 169 56
114 131 81
114 34 43
114 231 12
114 119 39
114 212 37
114 172 11
114 275 85
114 167 85
114 143 45
114 61 37
114 164 42
114 164 71
123 69 20
123 202 63
123 228 0
123 252 8
123 96 82
123 83 43
123 157 37
123 265 31
123 5 54
123 292 78
123 113 50
123 129 16
123 5 61
123 170 24
125 189 64
125 53 11
125 262 39
125 166 86
125 34 89
125 1 45
125 168 50
125 27 72
125 79 17
125 28 76
125 18 65
126 4 3
126 9 24
126 76 7
126 90 59
126 165 12
126 35 75
126 259 68
126 147 21
126 199 8
126 184 68
126 112 35
126 104 22
126 69 3
126 146 97
126 103 31
126 139 57
126 92 22
126 121 34
126 15 77
126 182 29
126 17 65
126 276 40
126 297 90
126 152 36
126 138 24
126 157 45
126 65 25
126 222 74
126 27 25
126 198 1
126 16 97
126 292 2
126 3 92
126 195 85
126 213 43
126 81 73
126 242 15
126 126 70
126 155 43
126 225 1
126 163 52
126 232 77
126 135 79
126 241 91
126 42 49
126 150 2
126 103 84
126 200 62
127 99 39
127 289 0
127 293 68
127 130 19
127 101 83
127 198 80
127 186 38
127 132 61
127 62 21
127 41 16
127 125 29
127 216 42
127 278 30
127 110 91
127 251 50
127 199 28
127 17 92
127 229 90
127 67 96
127 48 9
127 11 66
127 284 78
127 14 29
127 100 70
129 5 2
129 255 17
129 73 88
129 257 12
129 91 75
129 143 33
129 262 0
129 20 66
129 104 40
129 280 17
129 279 41
129 83 4
129 226 12
129 246 1
129 293 54
129 91 39
129 258 26
129 58 93
129 127 3
129 136 24
129 0 87
129 76 61
129 284 93
129 10 72
129 27 39
129 274 77
129 173 83
129 153 25
129 276 29
129 257 16
129 32 67
129 269 3
129 6 98
129 44 55
129 158 23
129 183 52
129 119 80
130 14 12
130 209 61
130 218 10
130 49 65
130 29 96
130 191 89
130 102 50
130 187 92
130 214 1
130 3 61
130 159 71
130 182 48
130 137 70
130 26 19
130 59 54
130 208 63
130 193 73
134 67 31
134 245 1
134 218 13
134 246 12
134 178 67
134 48 77
134 124 86
134 92 25
134 254 6
134 48 16
134 180 97
134 234 74
134 66 29
134 193 9
134 67 34
134 275 27
134 208 69
134 45 32
134 112 77
134 149 70
134 76 36
134 253 27
134 260 45
134 191 71
134 78 56
135 197 92
135 194 72
135 123 69
135 2 81
135 195 47
135 182 17
135 37 26
135 207 44
135 279 35
135 123 58
135 121 2
135 93 25
135 48 54
135 20 55
135 64 51
135 10 20
135 38 66
135 298 65
135 273 43
135 112 63
135 183 39
135 79 8
135 207 52
135 241 82
135 213 88
135 12 81
135 0 70
135 120 36
135 12 77
135 229 90
135 67 35
135 265 67
135 185 21
135 241 53
138 286 70
138 21 79
138 15 9
138 107 82
138 131 76
138 49 47
138 109 62
138 149 57
138 233 0
138 165 44
138 151 19
138 63 72
138 99 10
138 178 33
138 297 56
138 102 26
138 285 43
138 242 53
138 67 87
142 223 30
142 42 47
142 129 98
142 139 45
142 123 28
142 288 28
142 274 27
142 186 54
142 18 66
142 36 72
142 81 71
142 148 34
142 286 20
142 130 1
142 226 78
142 78 55
142 274 20
142 64 72
144 130 72
144 273 48
144 203 68
144 292 15
144 179 25
144 168 47
144 147 97
144 51 80
144 25 45
144 75 65
144 265 50
144 207 77
144 121 90
144 219 83
144 197 39
145 239 73
145 236 19
145 295 41
145 231 19
145 255 73
145 112 43
145 84 4
145 93 40
145 189 87
145 181 24
145 181 89
145 268 39
145 38 78
145 137 14
145 162 33
145 223 23
146 253 35
146 178 61
146 216 30
146 119 28
146 13 48
146 116 44
146 0 83
146 183 28
146 221 63
146 286 91
146 245 17
146 128 87
146 39 75
146 109 18
146 6 60
146 94 65
146 62 2
146 131 19
146 102 22
147 84 86
147 137 95
147 190 68
147 230 22
147 215 82
147 173 10
147 48 33
147 9 76
147 227 93
147 12 94
147 216 55
147 158 22
147 34 90
147 194 50
147 273 12
147 154 32
147 79 51
147 52 60
147 165 42
147 55 30
147 82 78
147 51 80
147 17 15
147 61 93
147 169 43
147 273 71
147 252 54
147 298 31
147 40 20
147 195 29
147 177 78
147 194 10
147 20 90
147 81 42
148 248 91
148 60 6
148 177 46
148 295 74
148 10 19
148 214 1
148 67 63
148 171 55
148 44 5
148 123 28
148 144 75
148 77 36
148 284 6
148 179 81
148 48 78
148 295 48
148 30 63
148 187 59
148 258 12
148 182 47
148 184 80
148 89 88
148 251 10
148 294 61
148 175 39
149 76 52
149 225 5
149 158 57
149 160 19
149 289 87
149 159 80
149 215 82
149 176 26
149 224 89
149 277 36
149 284 34
149 65 17
149 67 69
149 265 56
149 211 97
149 229 5
149 286 58
149 277 44
149 148 43
149 171 68
149 6 62
149 216 20
149 131 52
149 55 69
149 32 53
153 163 90
153 146 98
153 122 23
153 34 8
153 198 75
153 173 80
153 197 80
153 289 55
153 94 31
153 19 59
154 124 31
154 211 24
154 235 11
154 60 71
154 26 12
154 1 59
154 287 87
154 61 77
154 167 61
154 29 97
154 10 78
154 257 89
154 166 44
154 186 22
154 34 72
154 45 53
154 103 49
154 125 11
154 250 39
154 49 41
154 257 49
154 7 0
154 275 96
154 283 37
154 182 34
154 285 88
154 50 45
154 103 93
154 298 13
154 237 0
154 123 28
154 294 58
154 9 74
154 23 13
154 61 17
154 228 86
154 125 68
154 130 45
154 76 84
154 31 70
154 72 90
157 198 34
157 119 17
157 56 16
157 140 75
157 34 21
157 63 34
157 192 90
157 80 81
157 128 99
157 200 94
157 211 84
157 166 1
157 212 25
157 113 37
157 284 82
157 38 14
157 89 53
157 85 46
157 150 69
157 35 28
157 173 42
157 162 72
158 164 53
158 108 19
158 37 36
158 2 46
158 7 93
158 242 87
158 175 41
158 185 18
158 94 34
158 105 77
158 190 21
158 177 63
158 159 79
158 276 55
158 41 41
158 39 94
159 155 15
159 145 38
159 54 28
159 201 0
159 121 49
159 8 73
159 220 19
159 105 69
159 123 97
159 266 43
159 158 90
159 43 72
159 157 52
159 290 93
159 123 6
159 200 83
159 46 40
159 144 59
159 182 43
159 244 95
159 110 61
159 74 46
159 176 8
159 225 84
159 228 75
159 149 69
159 273 7
159 111 84
159 112 45
159 92 95
159 55 79
159 84 34
159 54 52
159 285 2
159 197 37
159 298 4
159 152 94
159 38 66
159 153 60
159 72 90
159 247 18
159 297 79
159 133 29
159 208 52
159 276 78
159 50 18
159 134 48
159 51 37
159 231 29
159 147 35
159 103 93
163 111 89
163 259 20
163 138 53
163 179 48
163 245 82
163 60 83
163 278 95
163 233 22
163 162 31
163 121 44
163 254 14
163 193 15
163 169 2
163 9 61
163 61 10
163 87 69
163 207 64
163 25 26
163 98 38
163 108 0
163 259 24
163 43 61
164 273 30
164 39 12
164 22 50
164 78 14
164 286 53
164 106 5
164 235 75
164 219 95
164 248 75
164 47 0
164 66 12
164 128 67
164 66 59
164 238 36
164 38 77
164 124 14
164 34 81
164 15 85
164 58 44
164 14 12
167 96 54
167 140 72
167 128 82
167 117 15
167 230 96
167 94 82
167 196 23
167 292 39
167 107 51
167 115 57
167 8 4
167 152 47
167 170 62
167 66 31
167 264 79
167 155 55
167 188 42
167 207 56
167 61 79
167 25 38
167 268 8
167 274 59
167 79 44
167 4 63
167 169 95
167 218 41
167 142 21
167 51 40
167 12 82
167 187 74
167 216 49
167 285 15
167 283 46
167 123 47
171 211 93
171 196 17
171 144 87
171 255 64
171 187 42
171 26 16
171 78 19
171 81 46
171 39 1
171 86 66
171 18 29
171 60 9
171 231 35
172 159 78
172 117 19
172 8 70
172 259 50
172 168 8
172 57 16
172 94 17
172 239 65
172 231 80
172 216 81
172 103 42
172 74 69
172 88 60
172 96 98
172 48 60
172 223 97
172 103 22
172 182 62
174 53 94
174 274 43
174 60 45
174 79 78
174 219 33
174 128 47
174 203 90
174 149 74
174 263 72
174 249 36
174 89 90
174 37 23
174 83 60
174 179 71
174 107 14
174 160 77
174 182 89
174 81 78
174 94 94
174 20 26
174 151 43
174 5 8
182 207 32
185 2 90
185 186 71
185 237 48
185 241 77
185 57 41
185 224 58
185 267 52
185 270 91
185 130 49
185 6 8
186 271 6
186 172 39
186 240 43
186 39 55
186 124 67
186 205 54
186 268 25
186 57 51
186 135 9
186 127 8
191 25 85
191 12 70
191 147 75
191 45 39
191 281 13
191 53 76
191 25 41
191 26 33
191 175 56
191 50 84
191 187 66
191 2 26
191 134 45
191 189 18
191 189 49
191 274 43
191 258 19
191 277 11
191 60 2
191 90 3
191 234 33
192 229 75
192 111 91
192 86 72
192 184 83
192 16 71
192 100 30
192 32 67
192 142 94
192 201 10
192 138 32
192 167 9
192 210 29
192 101 9
192 104 34
192 27 86
192 120 82
192 240 49
192 109 40
192 14 25
192 186 98
192 203 73
192 234 92
192 258 25
192 219 4
192 47 35
192 217 78
195 26 79
195 197 39
195 197 92
195 27 2
195 182 5
195 277 52
195 97 60
195 162 86
195 286 87
195 93 55
195 253 98
195 149 34
195 105 50
197 217 73
197 35 81
197 182 46
197 229 82
197 78 23
197 280 62
197 187 41
197 230 7
197 36 18
198 65 74
198 248 18
198 277 69
198 279 92
198 265 39
198 250 48
198 143 80
198 126 84
198 220 2
198 243 15
198 33 37
198 202 40
198 35 84
198 170 29
198 41 27
198 233 24
198 8 36
198 121 26
199 264 63
199 140 48
199 270 88
199 3 98
199 181 25
199 132 65
199 165 91
199 256 56
199 272 67
199 193 1
199 234 6
199 155 97
199 233 26
199 71 95
199 4 97
199 107 37
199 255 50
199 112 96
199 7 53
199 146 58
201 188 62
201 205 80
201 109 86
201 204 33
201 77 22
201 250 0
201 126 96
201 164 78
203 98 84
203 49 35
203 153 94
203 123 60
203 43 19
203 46 78
203 250 99
203 274 45
203 149 42
203 48 18
203 154 29
203 87 72
203 299 16
203 200 12
203 47 48
203 267 21
203 189 44
203 86 51
203 197 6
203 3 93
205 5 49
205 18 14
205 139 69
205 6 34
205 43 78
205 91 4
205 61 31
205 94 0
205 4 30
205 137 41
205 43 7
205 46 6
205 66 10
205 94 95
205 233 35
205 128 84
205 146 16
205 82 77
205 288 62
205 153 88
205 33 77
205 122 38
205 170 93
205 275 30
205 64 60
205 65 55
205 78 94
208 280 90
208 114 26
208 39 87
208 77 10
208 107 50
208 43 5
208 110 54
208 64 89
208 64 14
208 6 58
208 65 90
208 193 77
208 115 9
208 91 51
208 199 73
208 97 10
210 141 74
210 141 70
210 136 13
210 9 43
210 200 38
210 40 60
210 81 43
210 187 25
210 75 77
210 180 11
210 235 12
210 94 97
210 200 22
210 235 93
210 180 37
210 124 42
210 20 73
210 234 66
210 187 30
210 114 9
210 210 81
210 164 31
210 206 54
210 282 4
210 71 32
210 248 55
212 129 25
212 295 65
212 76 82
212 158 47
212 104 59
212 238 11
212 106 57
215 103 56
215 122 58
215 240 63
215 125 80
215 183 1
215 17 42
215 192 23
215 44 87
215 181 38
215 67 96
215 18 50
215 208 47
215 98 40
215 181 89
215 40 78
215 178 26
215 194 11
215 78 85
215 63 48
215 280 86
215 140 58
216 287 98
216 31 76
216 246 58
216 19 20
216 115 98
216 142 37
216 221 35
216 137 33
216 281 37
216 28 18
216 113 37
216 251 94
216 227 41
216 33 27
216 14 33
216 160 1
216 108 95
216 175 91
216 197 85
216 218 69
216 261 31
216 137 47
216 157 99
222 168 96
222 283 65
222 228 49
222 261 57
222 84 76
222 66 10
222 170 32
222 158 64
222 103 87
222 14 10
222 7 31
222 61 38
222 37 40
222 242 29
222 261 85
222 204 88
228 201 25
228 80 86
228 37 60
228 49 12
228 95 86
228 163 68
228 288 72
228 37 16
228 62 44
228 109 20
228 177 46
228 42 49
228 148 59
230 124 63
230 218 72
230 149 24
230 91 41
230 69 80
230 213 76
230 22 4
230 127 73
230 36 75
230 232 63
230 268 45
230 189 28
230 225 4
230 69 39
230 286 49
230 171 44
230 8 78
230 3 11
230 122 19
230 265 57
230 164 1
230 106 17
230 251 43
230 141 71
230 271 24
230 70 70
230 202 20
232 141 0
232 251 60
232 27 58
232 56 86
232 249 28
232 292 41
232 239 25
232 100 96
232 196 30
232 227 4
232 276 70
232 152 98
232 193 6
232 182 15
232 145 20
232 298 39
232 292 19
233 141 33
233 124 35
233 156 8
233 188 57
233 117 39
233 73 60
233 133 35
233 108 88
233 13 38
233 0 68
233 224 59
233 291 49
233 262 31
233 41 33
233 41 39
233 62 44
233 253 51
233 284 22
233 95 92
233 38 1
233 268 19
233 186 96
233 88 97
233 39 21
233 24 80
233 117 20
234 135 74
234 30 81
234 174 33
234 193 93
234 264 25
234 143 49
234 187 34
234 260 35
234 79 16
234 67 95
234 43 59
234 248 16
234 107 13
234 16 4
234 174 69
234 3 37
234 238 17
234 291 64
234 26 21
234 20 11
234 260 41
234 269 30
234 136 92
234 141 12
234 50 41
234 120 43
234 149 27
234 230 43
234 13 14
234 119 31
234 68 25
234 155 87
235 144 67
235 248 15
235 260 10
235 128 61
235 202 99
235 93 48
235 28 83
235 19 10
235 101 74
235 165 31
239 284 0
239 122 11
239 145 8
239 115 44
239 88 87
239 233 57
239 242 93
239 207 12
239 229 34
239 214 1
239 288 53
239 235 54
239 281 72
239 65 50
239 46 41
240 6 16
240 169 90
240 284 78
240 83 13
240 72 37
240 283 24
240 160 55
240 120 34
240 282 2
240 86 92
240 206 85
240 3 7
240 298 88
240 71 17
240 178 20
240 245 11
240 225 64
240 150 61
241 231 90
241 183 54
241 293 84
241 10 35
241 283 88
241 299 89
241 230 32
242 28 53
242 228 38
242 103 72
242 28 93
242 149 52
242 256 19
242 285 53
242 179 89
242 103 20
242 80 41
243 187 94
243 149 48
243 91 73
243 60 0
243 101 25
243 110 32
243 99 10
243 60 83
243 137 65
243 12 47
243 190 63
243 5 71
243 258 53
243 1 72
243 127 15
243 52 96
243 74 32
243 252 81
243 277 14
243 173 58
243 104 72
243 24 94
243 295 4
243 94 93
243 154 88
243 237 35
243 246 82
243 144 94
243 126 56
243 3 94
243 87 49
243 23 76
243 32 54
243 95 34
243 192 95
243 120 25
244 46 96
244 282 31
244 268 60
244 253 11
244 70 58
244 7 69
244 22 56
244 269 12
244 244 15
244 276 58
244 121 30
244 103 54
244 33 71
244 91 47
244 214 69
244 63 13
244 158 26
244 275 78
245 197 70
245 40 42
245 120 69
245 219 26
245 20 56
245 62 79
245 166 68
245 53 89
245 146 38
245 192 54
245 157 47
245 35 96
245 113 24
245 251 43
245 104 27
245 208 69
245 236 61
245 104 35
245 104 61
245 185 16
247 294 82
247 29 37
247 245 69
247 127 15
251 56 23
251 125 57
251 1 35
251 7 9
251 45 6
251 52 95
251 39 46
251 150 84
251 86 91
251 90 23
251 272 26
251 81 97
251 184 56
251 92 9
251 109 12
251 192 65
251 69 27
252 11 10
252 3 5
252 157 74
252 34 75
252 107 43
252 53 17
252 176 50
252 65 96
252 93 88
252 246 81
252 227 37
252 235 86
252 95 31
252 187 21
252 117 66
252 261 13
252 160 90
252 224 46
253 10 15
253 266 1
253 11 95
253 18 96
253 132 85
253 60 5
253 200 88
253 237 91
253 19 65
253 69 77
255 102 98
255 25 79
255 26 20
255 10 62
255 76 85
255 291 3
255 171 8
255 126 87
255 37 88
255 5 98
255 292 52
255 10 69
255 90 55
255 220 17
255 232 78
257 175 58
257 142 35
257 186 78
257 14 39
257 199 45
258 58 12
258 202 57
258 276 43
258 59 18
258 39 12
258 82 74
258 157 1
258 245 57
258 219 76
258 274 10
258 187 93
258 190 78
258 252 55
258 234 45
258 127 44
258 245 31
258 290 30
258 124 27
258 208 25
258 59 68
258 58 17
258 138 1
258 0 39
258 131 70
258 167 30
258 267 34
258 4 16
258 25 20
258 276 37
258 216 39
258 252 26
258 37 1
258 236 25
258 285 51
258 197 77
258 273 28
258 70 42
258 98 14
258 92 76
258 163 23
258 7 2
259 205 48
259 181 27
259 45 1
259 186 97
259 116 93
259 83 11
259 168 74
259 256 96
259 298 41
259 78 19
259 132 74
259 274 47
259 103 58
259 134 39
259 183 75
259 252 90
259 271 71
259 189 32
259 253 3
259 208 58
259 92 41
259 46 76
259 58 79
259 57 54
259 11 61
260 107 39
260 125 72
260 14 34
260 181 24
260 64 1
260 195 8
260 174 69
260 270 13
260 139 5
260 104 26
260 272 26
260 24 60
260 282 75
260 283 79
260 25 28
260 111 7
260 126 11
260 119 43
260 218 55
260 89 30
260 23 91
260 160 91
260 50 3
260 10 26
260 240 55
260 140 40
260 224 13
261 222 6
261 24 44
261 21 52
261 101 49
261 77 8
261 82 18
261 142 24
261 280 99
261 48 6
261 297 75
261 131 81
261 57 27
261 282 70
261 23 18
261 102 55
261 70 9
261 269 54
261 283 96
261 198 28
261 240 44
261 238 85
261 47 45
261 138 93
261 250 16
261 32 15
261 149 21
261 290 48
261 197 67
261 249 24
261 211 56
262 18 34
262 21 14
262 262 58
262 271 25
262 155 40
262 215 71
262 186 80
262 128 9
262 259 68
262 36 7
262 200 60
262 102 17
262 153 8
262 281 14
262 265 49
262 142 98
262 66 73
262 162 33
262 291 70
262 110 23
262 8 34
262 250 69
263 52 98
263 178 6
263 111 45
263 260 94
263 288 79
263 137 0
263 23 17
263 20 22
263 240 93
263 21 42
263 101 99
263 31 80
263 208 64
263 185 50
263 153 72
263 4 54
263 162 40
263 42 63
263 22 62
263 152 37
263 51 22
263 191 83
263 224 54
263 158 81
263 179 89
263 57 62
263 43 40
263 39 4
263 105 9
263 154 51
263 22 91
263 280 63
263 201 81
263 171 8
263 34 37
263 289 62
266 44 31
266 137 22
266 88 12
266 203 56
266 262 88
266 202 85
266 120 42
266 270 33
266 2 33
266 243 80
266 266 43
267 136 39
267 193 73
267 193 6
267 245 35
267 44 78
267 266 46
267 126 65
267 223 33
267 6 2
267 20 76
267 127 57
267 128 23
267 245 78
267 193 99
267 269 11
267 142 92
267 181 0
267 95 29
267 32 97
267 62 99
267 41 55
269 137 65
269 152 79
269 221 39
269 20 92
269 10 84
269 10 71
269 147 36
269 109 12
269 219 70
269 199 44
269 249 23
269 53 0
270 66 28
270 244 7
270 72 12
270 65 29
270 292 46
270 83 5
270 116 89
270 143 28
270 123 9
270 71 99
270 35 98
270 128 76
270 116 46
270 187 90
270 94 87
270 190 96
270 276 21
270 181 51
270 177 74
270 204 99
270 64 69
270 11 59
270 50 28
270 85 87
270 198 71
270 167 44
270 252 70
272 280 33
272 204 71
272 153 11
272 283 45
272 109 82
272 171 60
272 126 39
272 152 9
272 88 5
272 293 46
272 293 66
272 109 0
272 82 79
272 16 91
272 68 64
272 257 42
272 48 32
272 107 81
272 146 30
272 104 11
272 247 46
272 221 68
272 66 60
272 77 14
272 69 24
272 85 41
272 44 1
272 272 24
272 232 88
272 180 76
272 193 4
272 293 69
272 7 59
272 187 74
272 56 80
272 119 58
272 247 12
272 173 72
272 138 7
272 106 75
272 109 58
272 221 31
272 291 83
272 33 4
273 262 35
273 14 44
273 184 83
273 14 87
273 189 6
273 129 2
273 42 30
273 136 29
273 147 22
273 88 55
273 199 17
273 54 40
273 289 69
273 20 82
273 12 40
273 143 61
273 95 36
273 22 14
273 76 7
273 132 34
273 73 13
273 27 22
273 29 54
273 214 84
273 78 3
273 111 75
273 187 48
273 164 89
273 87 87
273 60 44
273 102 43
273 9 98
273 273 91
273 22 72
273 271 27
273 116 8
273 104 34
273 236 60
273 136 68
273 41 62
273 139 56
273 52 86
273 239 69
273 44 8
273 272 62
274 39 83
274 91 36
274 242 95
274 21 53
274 123 13
274 232 57
274 72 93
274 175 68
274 236 96
274 258 44
274 188 23
274 131 18
274 125 49
274 292 11
274 109 96
274 189 38
274 30 76
274 101 96
274 156 4
274 106 11
274 85 52
274 234 21
274 92 61
274 53 2
274 115 24
274 52 41
274 75 56
274 195 62
274 189 37
274 241 53
274 72 46
274 254 99
275 291 47
275 116 43
275 176 91
275 284 16
275 20 11
275 239 64
275 69 65
275 172 44
275 218 22
275 163 7
275 22 53
275 31 14
275 110 34
276 53 50
276 133 70
276 252 88
276 147 59
276 190 0
276 30 48
276 120 13
277 138 72
277 73 22
277 249 61
277 99 8
277 228 59
277 15 13
280 179 64
280 130 68
280 233 82
280 86 48
280 89 62
280 155 63
280 102 94
280 67 61
280 264 9
280 229 30
280 287 60
280 136 92
280 105 69
280 128 30
280 17 7
280 143 94
280 192 47
280 94 68
280 83 60
280 192 65
282 86 25
282 240 4
282 4 11
282 202 71
282 226 1
282 66 19
282 133 1
282 245 19
282 21 89
282 280 86
282 151 38
282 230 38
282 56 9
282 213 83
282 127 98
282 182 83
282 154 34
282 278 38
283 261 42
283 85 37
283 53 21
283 87 28
283 26 71
283 45 51
283 35 14
283 218 89
283 17 58
283 63 66
283 283 57
283 227 50
283 191 58
283 5 63
283 236 82
283 289 84
283 113 8
283 159 70
283 165 83
283 5 21
283 106 51
283 19 96
283 265 50
283 273 98
283 41 58
283 255 31
285 48 67
285 16 75
285 156 56
285 121 3
285 87 64
285 30 37
285 98 57
285 209 24
285 209 75
285 36 78
285 207 27
285 163 57
285 31 69
287 155 70
287 178 68
287 222 29
287 23 70
287 202 2
287 4 3
287 198 23
287 141 93
287 56 83
287 283 36
287 61 90
287 260 40
287 251 78
287 67 43
287 9 93
287 115 73
287 134 80
289 164 84
289 89 81
289 44 29
289 93 69
289 277 46
289 6 40
289 244 76
289 79 79
289 91 99
289 94 95
289 201 40
289 291 55
289 208 26
289 33 4
289 256 55
289 36 46
289 147 86
289 143 19
289 260 75
290 84 57
290 72 31
290 243 34
290 214 98
290 267 20
290 187 36
290 195 44
290 42 42
290 133 45
290 132 21
290 244 79
290 214 24
290 108 3
290 83 60
290 13 92
290 3 71
290 158 22
290 65 99
290 263 38
290 199 51
290 6 56
290 88 56
291 148 40
291 222 15
291 163 12
291 256 83
291 66 95
291 141 99
291 81 67
291 4 34
291 30 9
291 1 70
291 222 64
291 112 23
291 135 16
291 61 60
291 170 76
291 41 4
291 137 97
291 236 9
291 243 53
291 167 16
291 163 94
291 14 88
291 215 77
291 57 88
291 41 2
291 234 92
291 97 99
291 186 35
291 132 8
291 219 48
291 201 91
296 14 4
296 13 55
296 8 55
296 47 21
296 84 72
296 42 65
296 108 15
296 273 4
296 298 95
296 186 43
296 166 4
296 3 25
296 255 56
296 163 55
296 259 95
296 299 24
296 240 68
296 111 82
296 93 79
296 155 66
296 105 87
296 288 27
296 263 50
296 144 69
296 147 41
296 253 71
296 173 37
296 114 20
296 155 38
296 68 13
296 218 19
296 114 7
297 81 87
297 157 44
298 259 76
298 144 68
298 186 73
298 100 39
298 204 35
298 76 87
298 59 3
298 106 22
298 216 66
298 135 65
298 91 79
298 116 0
298 202 53
298 272 25
298 34 15
298 218 46
298 49 11
