3 185 89
9 59 62
9 217 21
10 17 72
10 240 95
11 271 22
11 14 10
13 77 58
13 242 0
13 179 13
13 288 61
15 166 65
16 133 12
16 116 81
18 247 61
18 73 66
21 102 90
25 43 4
25 54 66
25 140 47
33 1 38
34 56 32
34 228 52
34 55 97
35 18 53
35 173 92
37 208 17
41 216 27
43 202 22
43 177 95
49 92 67
49 271 15
49 35 27
51 54 23
51 164 46
51 23 19
51 257 51
53 40 70
53 69 0
53 142 41
57 66 4
57 269 2
58 67 55
58 54 82
60 148 0
61 28 56
61 240 93
61 289 35
64 3 58
64 78 18
75 163 17
75 215 5
77 273 26
77 110 94
77 101 88
77 243 0
78 98 36
78 108 55
78 192 81
81 256 57
81 254 73
81 47 71
81 288 30
84 135 92
86 88 2
89 70 80
92 235 64
92 117 58
98 80 62
98 70 11
108 128 36
108 128 31
110 51 42
110 98 42
111 286 70
117 154 72
117 157 67
119 15 83
124 17 25
124 237 71
124 100 34
125 165 50
125 213 42
130 216 57
130 248 15
131 127 42
131 128 6
131 45 56
132 276 24
136 240 33
136 14 49
138 16 18
141 268 25
141 41 84
144 241 53
144 145 6
146 93 24
151 269 17
151 290 61
151 210 31
152 66 8
152 246 42
152 121 69
152 168 12
153 190 26
154 136 78
154 73 17
154 177 59
155 149 27
157 60 16
157 203 33
157 88 55
158 126 40
160 156 88
160 84 53
160 253 93
160 272 7
162 201 67
162 55 84
164 46 47
164 237 70
164 142 54
168 298 37
168 27 69
169 138 27
169 46 0
169 136 11
170 103 97
170 211 31
170 44 33
171 200 53
171 49 32
173 264 99
173 191 22
174 71 35
174 139 27
174 281 27
174 269 97
175 192 42
176 89 83
176 69 66
179 153 72
179 54 39
179 219 90
179 156 10
180 86 60
181 105 99
183 215 80
183 283 51
183 170 13
183 25 28
188 108 62
188 122 77
188 147 14
189 46 48
189 4 32
190 154 85
190 48 27
193 51 30
193 207 77
194 99 73
200 287 82
200 70 77
200 154 50
202 48 35
202 16 44
213 211 88
216 244 30
216 39 13
217 255 96
217 39 23
220 107 76
224 107 11
224 194 49
225 109 13
226 172 73
226 158 69
228 114 25
231 188 16
234 82 36
234 239 97
234 246 8
240 272 5
242 220 56
242 88 71
242 261 26
243 205 45
243 147 23
245 292 24
245 52 66
245 209 93
246 163 4
246 112 79
246 136 60
246 141 33
252 186 48
254 237 64
254 110 25
258 227 95
258 268 10
263 105 50
266 227 63
269 211 48
269 251 98
273 97 78
273 43 38
279 74 10
285 15 89
285 270 69
287 87 68
287 129 29
289 270 23
298 199 12
299 273 95
299 11 10
299 66 87
